-0.1453656,-0.09277639,-0.046252895,0.004140798,0.1290588,-0.005451195,0.104059204,-0.053611554,-0.07092911,0.115523934,-0.11947256,0.03828309
0.03937404,0.010357691,0.014372662,0.011328974,-0.019368583,0.0025718277,-0.013089986,0.0140159605,0.020555736,-0.014617011,0.026738811,0.0028977273
0.052713133,0.030197937,0.014985561,0.007276894,-0.033137187,0.005943127,-0.02258969,0.027905583,0.019547502,-0.031015042,0.03435846,-0.0036629145
0.024223965,0.011552127,0.0061067715,0.0063357307,-0.010986449,0.00086654525,-0.011128413,0.013863906,0.010062731,-0.011443676,0.023007449,0.0008218142
0.022364415,0.0031832396,0.0030228107,0.013196646,-0.004328198,-0.0009453972,-0.008342137,0.0045211446,0.019535568,-0.010493921,0.027595475,-0.0027706944
-0.03386846,-0.028025296,-0.0011918796,0.0074765068,0.04198248,0.0066727614,0.040036753,-0.011266112,-0.022256857,0.040286805,-0.044085763,0.019770976
0.088018,0.042090125,0.032527786,0.008940046,-0.06754485,0.0006150557,-0.058547094,0.036213424,0.05310467,-0.06449223,0.077138305,-0.02189866
0.016398072,0.002691529,0.00629971,0.011627147,-0.001307334,0.0056512915,-0.0030528097,0.005606327,0.006495418,0.0003824531,0.009239144,0.006452306
-0.07946002,-0.0534767,-0.01858878,0.008993486,0.07714634,0.0077148904,0.07311268,-0.023539152,-0.056953162,0.08533867,-0.087208554,0.044387236
0.009880966,-0.002721806,-0.001442056,0.017251845,0.008461406,0.005005735,0.0063768122,-0.006699852,0.013391239,-0.00019482686,0.010382101,-0.00036358833
0.04203184,0.0139046395,0.0060060904,0.012920117,-0.023842938,-0.003259231,-0.020612841,0.007815923,0.034647644,-0.028833482,0.04293536,-0.0102164
0.005652966,-0.013452808,0.005767693,0.011763083,0.010276246,0.0020969878,0.009250294,-0.0010273516,0.002224548,0.018279053,0.0001035477,0.016091945
-0.012214759,-0.020276085,0.00809722,0.015971951,0.023393486,0.013263073,0.036804013,-0.0091222,-0.024704348,0.040681414,-0.035946805,0.032567672
-0.114503846,-0.079793006,-0.024607833,0.0055469405,0.10873446,-0.0019234829,0.09405787,-0.032881275,-0.07094209,0.110592134,-0.10971278,0.05080723
0.0149759585,0.0014461422,0.0025057895,0.010788928,0.0016763719,0.0026506667,0.001693914,0.006963786,0.0073519945,0.002131874,0.011213321,0.00581582
0.06097904,0.04195455,0.020413965,0.008514809,-0.042676855,0.008300702,-0.029880561,0.03196796,0.026220364,-0.034716677,0.03784309,-0.002373918
0.058906946,0.017861368,0.020384284,0.01096564,-0.033730738,0.003048783,-0.021719547,0.01466848,0.030742377,-0.024028014,0.040248834,0.002271304
0.024078012,0.006207458,0.009370017,0.011823694,-0.0076954747,0.009677826,-0.0042226366,-0.0010131449,0.019224841,-0.009996462,0.01632218,-0.0020613433
0.009499556,0.0055081956,0.012929142,0.013360691,0.01679068,0.0039386163,0.015350753,0.008015167,0.015871955,0.008533525,0.00013795588,0.013276352
0.16968901,0.10336739,0.09518666,0.0036635362,-0.16459651,0.0048304596,-0.111763686,0.10155675,0.06384661,-0.11755876,0.11215043,-0.01261899
0.035023753,0.011825297,0.009406692,0.010235462,-0.016472347,0.0022560619,-0.010611702,0.015126308,0.014666163,-0.015810348,0.023227379,0.0027092611
0.032282576,0.01302075,0.011696598,0.011278477,-0.014643815,0.0045052515,-0.009447675,0.013409287,0.014758573,-0.01189119,0.020562999,0.0025884379
-0.041626737,-0.04506392,-0.003919373,0.012564644,0.051904034,-0.0041176477,0.037302654,-0.020364404,-0.01728798,0.048304502,-0.036958538,0.02229142
0.014665566,-0.0046697026,0.009608206,0.0056235446,0.0040839254,-0.0018395431,-0.00019633165,-0.00056903437,0.016490992,-0.008951953,0.019910432,-0.00786544
-0.015275743,-0.02020084,-0.012520172,0.011527948,0.03131498,-0.00079018157,0.026306305,0.0013562767,-0.017991,0.036494706,-0.023993853,0.026481755
-0.031504482,-0.03317384,-0.00027257763,0.009289611,0.035996437,-0.0050883815,0.022684768,-0.007250943,-0.029950686,0.03401732,-0.008448747,0.017427087
-0.15937641,-0.11453154,-0.06326805,0.003975721,0.15988892,-0.012599983,0.1159413,-0.058879197,-0.07025474,0.13084397,-0.12505987,0.039375663
0.02022682,0.0034252745,0.0026883879,0.011251157,-0.00972847,-0.0062013892,-0.014990602,0.0043657185,0.019432526,-0.013014786,0.038439617,-0.00463247
0.051277477,0.014397522,0.014861319,0.016873512,-0.023451248,-0.0035231053,-0.021428803,0.01020761,0.044346772,-0.037860975,0.046088602,-0.013040538
0.024526304,0.015246354,0.011885062,0.01237574,-0.0077589033,0.0016507873,-0.0006351089,0.011559645,0.017929753,-0.022830851,0.021139104,-0.0073995227
0.041293662,0.006921663,0.0071506323,0.018004637,-0.018334761,0.00060619926,-0.023043063,-0.003750355,0.05026135,-0.032616906,0.044599377,-0.020438494
-0.029419137,-0.0516669,0.016302718,-0.005283705,0.04576394,-0.0035273056,0.040208664,-0.00091186725,-0.037007473,0.053652063,-0.037782934,0.02818786
-0.066039376,-0.039234485,-0.02335488,0.0062912507,0.069173545,0.003513256,0.06049248,-0.018704433,-0.04269112,0.064812005,-0.06233722,0.030034129
0.11753286,0.0777577,0.042764436,0.021410875,-0.10161763,0.013847401,-0.068935536,0.048566964,0.06417221,-0.08218385,0.085349284,-0.008283189
0.034754038,0.010955479,0.018681867,0.013393285,-0.025270496,0.0069777546,-0.010202578,0.014307724,0.0060604247,-0.006923033,0.014079916,0.01427319
-0.07861496,-0.062904045,-0.04007563,0.018572887,0.10091426,0.0034860875,0.07119647,-0.044442516,-0.02194363,0.07615411,-0.06413315,0.026019774
0.027679766,-0.0038197034,0.014174173,0.006829026,-0.011043652,0.0039901836,0.00072706514,0.0096199885,0.0049234405,-0.0052455734,0.006506038,0.008535571
0.004324517,-0.00892607,-0.002502412,0.009174663,0.011745968,0.00069829775,0.0038837725,-0.00021901261,0.0059866467,0.011925066,0.009171986,0.0088436445
-0.0018559957,-0.028581014,0.008522036,0.02004622,0.027447509,0.005155053,0.019343246,-0.0107609965,0.0048189336,0.028344966,-0.017520603,0.020205261
-0.055947095,-0.052890494,-0.0006666891,0.008770908,0.065820865,0.00021559,0.052964106,-0.016568344,-0.04756973,0.07614679,-0.06728242,0.044227798
0.033863742,0.012160591,0.017503835,0.014824863,-0.01439555,0.009785064,-0.0039014574,0.01239378,0.018469775,-0.015055956,0.016558867,-0.00063794805
0.047477134,0.030179836,0.005260119,0.019727908,-0.029046552,0.0013943538,-0.03072184,0.01489978,0.036082275,-0.033390097,0.050094504,-0.006117584
-0.24737069,-0.1627476,-0.08813618,-0.011875808,0.18771724,-0.010961966,0.1536041,-0.08731995,-0.13535975,0.18371716,-0.19996051,0.049638018
0.11956935,0.054324515,0.05377841,0.008965357,-0.097975,0.0029545934,-0.067770064,0.045082975,0.06641695,-0.085326515,0.09004848,-0.024101136
-0.17623754,-0.13640438,-0.06046538,0.0048271194,0.15599886,0.016504463,0.12699407,-0.06418915,-0.1368644,0.17868635,-0.2052349,0.09056468
0.0035750577,-0.007959258,0.008050519,0.0031979196,0.0070338575,0.001416319,0.0062882723,0.0023368667,-0.0004430702,0.008714683,0.0019433568,0.005529331
-0.061718658,-0.04693429,-0.11350873,0.027182523,0.09787941,-0.01278243,0.017964358,-0.06404921,0.040268075,0.015385464,0.015311837,-0.03682474
-0.14708418,-0.0968282,-0.11488818,0.0013127537,0.13883562,-0.010529438,0.058639884,-0.09141067,-0.029571049,0.07666806,-0.05305423,-0.021519935
-0.1095728,-0.069110155,-0.012265938,0.017311748,0.10264723,0.024395784,0.100007534,-0.037635297,-0.09601386,0.13200903,-0.1435865,0.07166059
-0.08701185,-0.056637924,-0.068549916,0.020343918,0.09376213,-0.049314845,0.050591387,-0.037600048,0.018092318,0.028999036,0.0016508126,-0.015274452
-0.3386473,-0.18027128,-0.06392731,-0.051327813,0.21591565,-0.009330604,0.2086873,-0.07894543,-0.19264919,0.22332,-0.27693874,0.048755676
-0.09065538,-0.05202482,-0.025824914,-0.0009345114,0.07509066,0.006761866,0.0639959,-0.032188773,-0.05673147,0.06848535,-0.077780426,0.015520233
0.019906715,-0.0028197048,0.0075169336,0.012961863,-0.001961181,0.0007406991,-0.0021757642,0.0016056551,0.015365247,-0.0025151176,0.01738866,0.003711147
-0.12313533,-0.08470147,-0.047925323,0.002446116,0.12005769,-0.003905965,0.086216435,-0.048512645,-0.06290672,0.1013532,-0.09434168,0.029547952
0.02066617,0.005595379,0.0069282954,0.0131433075,-0.0067563457,0.007864187,-0.00020262599,0.0022051455,0.010319387,-0.0057700314,0.011409923,0.002170774
0.0031165797,-0.0074143205,0.003597558,0.009919517,0.013118174,0.0023278682,0.013051116,0.0036539342,-0.0012260443,0.013966347,-0.0033680385,0.012016986
-0.007419858,-0.018739464,0.000111023895,0.009971019,0.031410087,0.0009551231,0.021898624,-0.004103559,0.0027718265,0.031123877,-0.010482043,0.018013118
