0.137706847717737
0.115554862737395
0.198451829857137
0.224793461615729
0.288183360974816
0.298386123246503
0.187091615485843
0.249664371244652
0.229635950726338
0.160523955307861
0.252261602046706
0.261366397348791
0.179687462953008
0.180538299115102
0.185084878683694
0.125407735915894
0.478152929100216
0.196586250080959
0.259037289683259
0.178744257070599
0.895308995508825
0.104244752964031
0.293527532664812
0.218464877079374
0.181975042233001
0.166447589696274
0.203709951559857
0.796853949692257
0.218380176178294
0.271435017450972
0.180770666942863
0.237408992042963
0.26123033128465
0.164654098856226
0.271161996109384
0.262332318491782
0.325775344722542
0.170464185615422
0.14200284367424
0.172872350825213
0.254032853800314
0.131005340589155
0.192112553529904
0.165239409398344
0.225509567034125
0.162518922716216
0.137706847717737
0.859874166102421
1.08724480779622
0.252261602046706
0.22346893428018
0.165315868235609
0.146835343049699
0.250979258372213
0.1455265802069
0.260039609951403
0.168139280995831
0.167488463801534
0.286857675840954
0.431020408576023
0.2023751726431
0.226983845398084
0.165085006143056
0.350972340234073
0.642823742600657
0.207289100330755
0.201532978323108
0.302211954540611
0.270432221400525
0.181670093125748
0.277868713026466
0.902903963684485
0.386631654928303
0.282668140399269
0.224660340669398
0.167674033167889
0.169124104051236
0.18318733011439
0.221787301721469
0.278979723074014
0.196219004680842
0.155947607326365
0.278110401640514
0.176686225185398
0.245983495984606
0.242232644780509
0.230380584014028
0.41667156721869
0.412195051948772
0.240901349625346
0.375426725645587
0.393322166212166
0.195599909122282
0.219070280241423
0.213598696661115
0.205019465314681
0.234316109078847
0.285385901965271
0.170419602715361
0.169581854648602
0.163826027460086
0.267377367986457
0.226706221890153
0.160663898540124
0.3934150379667
0.147080712699254
0.288133842809004
0.925422778519099
0.106805025053829
0.402532706424289
0.221787301720882
