0.883908339804911
0.629984244092753
1.11924032030518
0.955699140632233
1.13403636354141
0.921709026884033
0.971557477108394
0.603913953972854
0.74748570248842
1.08761845633793
1.08059429895406
1.05476090534974
0.889893789732581
0.94205630572991
1.01830291870075
0.597064602317236
1.41695395588552
0.623302803686507
0.937256939244155
0.794625955560725
3.21746437052677
0.632100384770099
1.18478066708677
0.720244639928092
0.723968893383016
0.940965731445799
0.754971536958079
3.3229331091445
0.942598834690062
0.589391958464813
0.787333954499728
1.02354092987927
0.876113896813559
0.767201659433428
1.09889180198043
0.749130751522139
1.2699404802676
0.818598032994575
0.721507578939237
0.910282922207673
0.950582340576167
0.557553058119533
0.878726941478558
0.833422812165147
0.794122219626501
0.824593141914748
0.883908339804911
2.88561214579812
2.77966689271121
1.08059429895406
0.913334356660764
0.751724019973355
0.663121627142313
0.897574085216308
0.764487888427476
0.741901578083669
0.76141001906696
0.663920779249805
1.00641478683523
1.12269759177396
0.811526331738796
0.781869251082321
0.875897495296301
0.955484756178994
2.27017145647786
0.951286603804099
0.707609847195117
1.33922830998536
0.789915520540715
0.860017770610745
1.23480556359561
2.63351322671564
1.16103895797443
1.23920822520057
0.823617600592931
0.892717830572132
0.743158455774415
0.982031326990041
0.874658851592363
0.976820423508026
0.742972211045157
0.775736233911802
1.150212926212
0.966789330736632
0.692750035045006
0.909186725984383
0.951381529148633
0.949090837838979
1.40501486550373
0.863486371651606
0.982198738824062
1.62836554780492
1.0614842549762
1.0315436386528
0.724745470214001
0.934294317332136
0.692238053888976
1.20766499150938
0.887589181110114
0.700486396054994
0.784730204330929
0.918275256797366
0.889138824883739
0.641218212837092
1.31398111186876
0.497107215494818
1.0524658510859
2.64732284649576
0.578210029215926
1.83088695530794
0.874658851436779
