-0.17345374822616577,-0.0943114310503006,0.0760323703289032,-0.017678963020443916,-0.021741217002272606,0.019003387540578842,-0.07993616908788681,-0.0965314507484436,0.039958007633686066,0.07620283216238022,-0.05294496938586235,-0.14080700278282166
0.041380058974027634,0.025339726358652115,-0.012866359204053879,0.003688642056658864,0.0032661533914506435,-0.00606540497392416,0.019117651507258415,0.02224610559642315,-0.008975720964372158,-0.01608966663479805,0.012601792812347412,0.03597883880138397
0.06168077886104584,0.03146912902593613,-0.033089958131313324,0.00922978762537241,-0.0014023982221260667,-0.011027708649635315,0.03256518766283989,0.03550242632627487,-0.012167518958449364,-0.026115020737051964,0.020185360684990883,0.05389239639043808
0.02837083674967289,0.015404989011585712,-0.020909853279590607,0.008591761812567711,0.004951664246618748,-0.004440607503056526,0.014518304727971554,0.020247990265488625,-0.004582296125590801,-0.013405111618340015,0.012396235018968582,0.026318635791540146
0.02518872544169426,0.014226877130568027,-0.009283815510571003,0.006665515713393688,-0.007991066202521324,-0.00961541011929512,0.01154022291302681,0.012678747996687889,-0.006519209127873182,-0.0029192171059548855,0.010277914814651012,0.02768518589437008
-0.050239186733961105,-0.02818905934691429,0.024515436962246895,-0.007200363092124462,0.0006659328355453908,0.013006117194890976,-0.024122953414916992,-0.02571284957230091,0.013785049319267273,0.016298804432153702,-0.020341910421848297,-0.05117516964673996
0.1067373976111412,0.061154406517744064,-0.04398112744092941,0.01128563191741705,0.0038086161948740482,-0.009686415083706379,0.04286401346325874,0.0568973682820797,-0.02519524097442627,-0.04156359285116196,0.03002174012362957,0.09253419190645218
0.01876603439450264,0.0064755952917039394,-0.010803859680891037,-2.2576743504032493e-05,-0.00044508554856292903,0.002214027801528573,0.006606947630643845,0.008744047954678535,-0.0036340339574962854,-0.008583799935877323,0.004876564256846905,0.012383561581373215
-0.10183577239513397,-0.06312605738639832,0.0395202711224556,-0.015157325193285942,-0.0038184865843504667,0.01943093165755272,-0.04725774750113487,-0.05868242308497429,0.023525921627879143,0.035079170018434525,-0.03414653241634369,-0.0901445522904396
0.012655338272452354,-0.0009498941944912076,0.00016475777374580503,0.007389753125607967,-0.014194759540259838,-0.009396782144904137,0.005032885354012251,0.001964205177500844,-0.0038607630413025618,0.0019926689565181732,0.010398576967418194,0.013169887475669384
0.04382394999265671,0.029651068150997162,-0.008916422724723816,0.008586819283664227,-0.007030372507870197,-0.014780761674046516,0.019501836970448494,0.025520890951156616,-0.010809156112372875,-0.008452340960502625,0.015582374297082424,0.04869267717003822
-0.0018229734851047397,0.004115232266485691,0.007226375862956047,-0.0029620809946209192,0.0054130773060023785,0.00035500217927619815,-0.0009918669238686562,-0.0019277895335108042,-0.0006610076525248587,0.0013391515240073204,-0.0005119831184856594,0.0018136301077902317
-0.03312239423394203,-0.020657453685998917,0.01761256717145443,-0.015975702553987503,-0.00233476678840816,0.008255740627646446,-0.012514774687588215,-0.019644035026431084,0.004999274387955666,0.008116636425256729,-0.014611715450882912,-0.03138004615902901
-0.14471793174743652,-0.07647516578435898,0.05998453497886658,-0.02120772935450077,-0.004181679803878069,0.02455081418156624,-0.06334376335144043,-0.08125973492860794,0.033108651638031006,0.055054858326911926,-0.0498582199215889,-0.1245633065700531
0.013943055644631386,0.008074531331658363,-0.008062462322413921,0.00452204467728734,-0.001062566414475441,-0.008148495107889175,0.008666649460792542,0.009822331368923187,-0.0036462016869336367,-0.0032174987718462944,0.0078085497952997684,0.0166618712246418
0.07363776117563248,0.0293879397213459,-0.03550195321440697,0.001293659908697009,0.00848773866891861,-0.003670153673738241,0.031424056738615036,0.035584062337875366,-0.014035932719707489,-0.03655080869793892,0.024498259648680687,0.056813016533851624
0.06650440394878387,0.027501894161105156,-0.016016246750950813,-0.004919861443340778,0.00649801641702652,-0.0009837570833042264,0.023666679859161377,0.021371319890022278,-0.010640770196914673,-0.029360512271523476,0.019845128059387207,0.053398195654153824
0.01653301902115345,0.012645391747355461,-0.0027965903282165527,0.014132863841950893,0.0026949788443744183,-0.003842724720016122,0.00379002233967185,0.017305506393313408,-0.005452260375022888,-0.009064026176929474,0.009390708059072495,0.018625803291797638
-0.01467333547770977,-0.0001385678770020604,0.016904016956686974,-0.0009814827935770154,0.016482293605804443,0.0034616906195878983,-0.0035981035325676203,-0.0027847588062286377,0.006946383975446224,-0.0038387440145015717,-0.003971997648477554,-0.020077910274267197
0.21125131845474243,0.11387283354997635,-0.09842072427272797,-0.0034280845429748297,0.04461283981800079,0.004663221072405577,0.09259841591119766,0.1093781441450119,-0.04980118200182915,-0.10820170491933823,0.05602457374334335,0.1542665660381317
0.042018137872219086,0.023723281919956207,-0.0161236934363842,6.820587441325188e-05,-0.003419988788664341,-0.008325669914484024,0.024836361408233643,0.021964242681860924,-0.006070063915103674,-0.015226786024868488,0.013431033119559288,0.03309965133666992
0.036139752715826035,0.01528951246291399,-0.015854546800255775,0.0026649110950529575,0.0007146657444536686,-0.003539785509929061,0.01575555093586445,0.017510466277599335,-0.007395718712359667,-0.015062006190419197,0.011781599372625351,0.028814835473895073
-0.05310472100973129,-0.027282975614070892,0.026597827672958374,0.0021368777379393578,-0.005298207979649305,0.011563153937458992,-0.027725378051400185,-0.027865279465913773,0.008740190416574478,0.024538379162549973,-0.01699172519147396,-0.050895433872938156
0.007153095677495003,0.016242124140262604,0.005211617331951857,0.01258784718811512,0.002669038251042366,-0.003964988049119711,0.007955238223075867,0.012129507027566433,0.0031430937815457582,-0.0013188086450099945,0.0056834896095097065,0.009202975779771805
-0.013931159861385822,-0.011764350347220898,0.00015542889013886452,-0.0018271829467266798,-0.0071357074193656445,-0.006207196973264217,0.00020354404114186764,-0.009448811411857605,0.003819382516667247,0.008618955500423908,-0.0005507934838533401,-0.012734305113554
-0.04512489587068558,-0.015562349930405617,0.007378585636615753,-0.023209821432828903,-0.012551703490316868,0.0102501530200243,-0.0123705780133605,-0.02660440467298031,0.010241007432341576,0.025850385427474976,-0.027101676911115646,-0.03195089474320412
-0.18199937045574188,-0.10526805371046066,0.07252855598926544,-0.0015914958203211427,-0.043722301721572876,0.012784714810550213,-0.08776333183050156,-0.10510393232107162,0.03911750763654709,0.09092237055301666,-0.05521702766418457,-0.14534665644168854
0.023690780624747276,0.014508087188005447,-0.009604006074368954,-0.0008332259021699429,-0.008249331265687943,-0.00859715323895216,0.008757634088397026,0.009049803018569946,-0.006610986310988665,0.0007615357753820717,0.008108977228403091,0.032625410705804825
0.05075781047344208,0.038496699184179306,-0.0060430653393268585,0.019533216953277588,-0.005239720921963453,-0.012908756732940674,0.025466665625572205,0.03056468442082405,-0.011650617234408855,-0.012843016535043716,0.014869077131152153,0.04792950674891472
0.023890027776360512,0.012674491852521896,-0.007990310899913311,0.014175789430737495,-0.00016260036500170827,-0.008196471258997917,0.01682647317647934,0.016733290627598763,-0.002564395312219858,-0.008637232705950737,0.009503648616373539,0.01749500259757042
0.04833512008190155,0.025068609043955803,-0.0021367978770285845,0.015359531156718731,-0.01291317492723465,-0.010098934173583984,0.009162613190710545,0.02170216664671898,-0.013978068716824055,-0.007289279717952013,0.015299714170396328,0.04633466526865959
-0.046365007758140564,-0.012674810364842415,0.00948566198348999,0.005623355973511934,0.019598281010985374,0.01603785902261734,-0.01630285568535328,-0.014582748524844646,0.014625774696469307,0.007518919184803963,-0.017358815297484398,-0.05015784502029419
-0.09050490707159042,-0.04698551073670387,0.03202693909406662,-0.011103937402367592,-0.007042338140308857,0.006844397634267807,-0.034086305648088455,-0.0434754379093647,0.023769352585077286,0.034413743764162064,-0.027872513979673386,-0.07259449362754822
0.14579080045223236,0.06506374478340149,-0.05181189253926277,-0.007052457891404629,0.009782571345567703,-0.009535621851682663,0.06117456033825874,0.061719950288534164,-0.03423323482275009,-0.06665907055139542,0.0482211634516716,0.11508889496326447
0.03706064075231552,0.020380154252052307,-0.013311821036040783,-0.007826795801520348,0.005472319666296244,0.0007695768726989627,0.01811823435127735,0.01837249845266342,-0.00988690834492445,-0.017997674643993378,0.008186331018805504,0.027679838240146637
-0.09932086616754532,-0.05871474742889404,0.04887748509645462,0.0072131468914449215,-0.026336299255490303,0.0007242384599521756,-0.04739200323820114,-0.05808084085583687,0.02086963690817356,0.047066185623407364,-0.02256920002400875,-0.07789444178342819
0.0224215779453516,0.02141520567238331,-0.0016193462070077658,0.004775439389050007,0.003931350074708462,0.0007433703867718577,0.012933185324072838,0.014134989120066166,-0.0019173934124410152,-0.010282126255333424,-0.0025666463188827038,0.019867150112986565
-0.005087990779429674,0.006795833352953196,0.005425954703241587,-0.004189538769423962,0.00042250670958310366,-0.0027978788129985332,-0.0009993999265134335,-0.0010207706363871694,0.0015247412957251072,0.005764286033809185,-0.003802756080403924,0.006331606302410364
-0.0074308509938418865,-0.010795846581459045,0.01706300862133503,-0.0013942844234406948,-0.011433420702815056,0.012950463220477104,-0.01469298917800188,-0.01756391115486622,-0.0016519089695066214,0.005996895954012871,-0.012394915334880352,-0.01811014674603939
-0.0640934482216835,-0.04831146448850632,0.018917731940746307,-0.01474941335618496,0.004171242006123066,0.02963373064994812,-0.03517816960811615,-0.0464325025677681,0.015567301772534847,0.01695314049720764,-0.024639518931508064,-0.07652469724416733
0.03319909796118736,0.019034475088119507,-0.009018310345709324,0.008356750011444092,-0.0026472776662558317,-0.009152085520327091,0.01654922030866146,0.021155061200261116,-0.009693481028079987,-0.01228468120098114,0.010217403993010521,0.025151243433356285
0.060931380838155746,0.019373292103409767,-0.02748812735080719,0.0029952845070511103,-0.011168061755597591,-0.007115492597222328,0.021648865193128586,0.02021745778620243,-0.01573239639401436,-0.01904558390378952,0.020630087703466415,0.05596274510025978
-0.25742828845977783,-0.1548759937286377,0.10905338078737259,-0.018378345295786858,-0.038004226982593536,0.03745155408978462,-0.12760920822620392,-0.15655700862407684,0.06427054107189178,0.11480355262756348,-0.07367099076509476,-0.20313286781311035
0.1432560533285141,0.07943542301654816,-0.049161866307258606,0.012928242795169353,0.010144706815481186,-0.01255087461322546,0.05762903764843941,0.0736052393913269,-0.03326434642076492,-0.06063662841916084,0.04314332827925682,0.11619988083839417
-0.17440645396709442,-0.14040179550647736,0.06311608850955963,-0.06266174465417862,-0.03598030284047127,0.08805638551712036,-0.1159026026725769,-0.1530686318874359,0.048922084271907806,0.06769846379756927,-0.09437008947134018,-0.18740859627723694
0.001187511719763279,0.007729269564151764,0.004946553148329258,0.004799577407538891,0.007813017815351486,-0.00021383308921940625,0.003585824044421315,0.0033306078985333443,0.003130498109385371,-0.0010405193315818906,0.0038163126446306705,0.004967822693288326
-0.0634847953915596,-0.05279974639415741,0.01244086679071188,0.03606396168470383,-0.08679869771003723,-0.033534031361341476,-0.05303521081805229,-0.03907593712210655,0.0015176276210695505,0.07719627022743225,-0.015560655854642391,0.0014505800791084766
-0.14807330071926117,-0.08210907876491547,0.05868571624159813,0.0031377726700156927,-0.06522507965564728,-0.003711378201842308,-0.0760173350572586,-0.08830895274877548,0.035793501883745193,0.10550381988286972,-0.0381857268512249,-0.06315726041793823
-0.11225403845310211,-0.11938651651144028,0.030379850417375565,-0.02532636746764183,-0.006967665161937475,0.048110391944646835,-0.07356783747673035,-0.09110100567340851,0.022731319069862366,0.024526141583919525,-0.028595654293894768,-0.13190919160842896
-0.1440904587507248,-0.02038685977458954,0.08593466132879257,-0.0021687964908778667,-0.06011941283941269,-0.049315616488456726,-0.044021714478731155,-0.04868628829717636,0.019885821267962456,0.1170969307422638,-0.05243821442127228,-0.05800459161400795
-0.37432390451431274,-0.17231884598731995,0.16306792199611664,-0.004299631807953119,-0.0011760455090552568,0.01646886207163334,-0.15075841546058655,-0.17963388562202454,0.09456413239240646,0.1290329247713089,-0.08324243128299713,-0.2864818274974823
-0.09632103890180588,-0.0383557491004467,0.05163659527897835,-0.006041320040822029,-0.00502137141302228,0.001952438848093152,-0.02383367158472538,-0.045726049691438675,0.02969413250684738,0.04282083734869957,-0.018491612747311592,-0.07159297913312912
0.01664096862077713,0.012496687471866608,3.310275496914983e-05,0.0014462984399870038,-0.0010201866971328855,-0.003094244049862027,0.006724904291331768,0.008043664507567883,-0.0038264584727585316,-0.003196239937096834,0.004509350284934044,0.0170192439109087
-0.14351637661457062,-0.07922680675983429,0.051590852439403534,-0.00860667321830988,-0.023682916536927223,0.015574571676552296,-0.0645843967795372,-0.0781797543168068,0.03536059334874153,0.06547904014587402,-0.04342780262231827,-0.11304956674575806
0.023496290668845177,0.0068877087906003,-0.006208270322531462,0.004825886804610491,-0.0036856962833553553,-0.00519547751173377,0.00978425145149231,0.009986608289182186,-0.00541132315993309,-0.008091895841062069,0.01093379408121109,0.020929718390107155
-0.0042119454592466354,0.0004413871793076396,0.0011458315420895815,0.0032191777136176825,0.0017893555341288447,-0.003191294614225626,0.001519981655292213,0.0015478821005672216,0.0010654900688678026,0.001550579210743308,0.00033668396645225585,-0.0026592728681862354
-0.025746917352080345,-0.006883098743855953,0.013561003841459751,-0.00039217231096699834,0.007414321415126324,-0.00042652676347643137,-0.012462354265153408,-0.008054502308368683,0.004952710121870041,0.008003375492990017,-0.005239025689661503,-0.02019740641117096
