29.198835,37.278343,46.098457,64.789232,48.386074,29.438178,29.809073,26.507468,34.395555,43.299880,61.299180,46.335518,28.365120,28.694860,25.563138,33.286452,42.181217,59.862456,45.282837,27.747843,28.223023,25.222120,32.945204,41.830761,59.584860,45.308346,27.866931,28.272819,25.304428,33.171725,42.032002,59.771119,45.235618,27.597595,27.984287,25.025066,32.681448,41.559568,59.069098,44.524558,27.305411,27.625754,24.759835,32.699414,41.461737,59.044758,44.672686,27.354036,27.781290,24.895107,32.610946,41.467658,59.129844,44.765771,27.537615,28.085433
15.537476,17.211171,19.825553,27.670564,24.280149,13.301744,14.895657,14.960824,16.626874,19.215632,26.892834,23.728770,13.037241,14.604065,14.687946,16.349428,18.961422,26.564746,23.452972,12.891056,14.481950,14.589228,16.265906,18.878730,26.501188,23.455434,12.916791,14.488782,14.605652,16.311355,18.909907,26.515925,23.415044,12.844618,14.409703,14.524036,16.189515,18.807334,26.378731,23.245038,12.777269,14.315108,14.442725,16.194844,18.781101,26.360629,23.275349,12.789401,14.359595,14.486070,16.171734,18.786410,26.389505,23.305420,12.832662,14.440375
14.203646,20.846768,31.286717,41.878477,29.176437,14.473204,15.602629,14.889930,21.747258,32.479482,43.339689,29.990572,14.823097,15.976242,15.225871,22.182999,32.988444,43.967543,30.411308,15.025051,16.138523,15.349474,22.318190,33.153737,44.088206,30.399944,14.984621,16.123220,15.323881,22.235559,33.076692,44.037127,30.455366,15.084136,16.230989,15.428613,22.435666,33.299522,44.338237,30.739202,15.181572,16.359559,15.531568,22.426659,33.346635,44.355869,30.678414,15.164993,16.300231,15.477397,22.466365,33.342423,44.310435,30.638041,15.102016,16.190815
16.264075,18.026443,25.529523,37.589757,28.468165,16.600875,17.005743,15.878186,17.608054,24.924241,36.758584,27.938469,16.329896,16.741240,15.653521,17.374093,24.669139,36.396983,27.684430,16.192677,16.637910,15.574690,17.310022,24.582740,36.326155,27.676378,16.208614,16.630512,15.576231,17.328373,24.583319,36.285420,27.607961,16.126195,16.554161,15.503012,17.223055,24.486538,36.176712,27.480911,16.065350,16.468588,15.430964,17.228016,24.451279,36.131646,27.487768,16.081467,16.515569,15.474630,17.213917,24.471448,36.192411,27.535614,16.122107,16.590151
14.986076,15.309204,23.990321,39.801899,27.873570,15.756983,14.766226,15.036860,15.314239,23.896943,39.627789,27.755812,15.697887,14.720408,14.998954,15.274792,23.851886,39.546113,27.708560,15.675477,14.705429,14.986688,15.266705,23.834158,39.530187,27.701244,15.674251,14.697658,14.979100,15.258779,23.815605,39.483135,27.665605,15.651798,14.682795,14.966795,15.242981,23.805940,39.492657,27.663533,15.644739,14.669250,14.951715,15.244535,23.795118,39.465130,27.653498,15.648377,14.679949,14.962435,15.242116,23.804171,39.492377,27.669588,15.653873,14.692356
12.083087,15.056138,16.691660,26.410545,28.361958, 6.950546,13.848263,12.963896,15.933221,17.393778,27.357415,29.132910, 7.126446,14.192488,13.274496,16.272716,17.690889,27.767980,29.560894, 7.236680,14.347829,13.392367,16.384199,17.785205,27.849709,29.543910, 7.213399,14.325215,13.356816,16.299690,17.715337,27.765371,29.547866, 7.258156,14.418986,13.454909,16.459689,17.851932,28.000228,29.872325, 7.313746,14.540936,13.546312,16.454959,17.875970,27.993658,29.796776, 7.304918,14.490544,13.500586,16.482827,17.877977,27.978625,29.764590, 7.270162,14.388630
22.257725,21.465446,23.043369,32.485728,31.749910,15.269394,20.833539,20.003314,19.568686,21.332765,30.324854,30.062059,14.554364,19.868429,19.132843,18.782099,20.648750,29.432957,29.222473,14.162065,19.472585,18.823756,18.549611,20.431444,29.261211,29.229092,14.229366,19.495699,18.879568,18.680650,20.519676,29.312952,29.123690,14.042204,19.242956,18.620238,18.336789,20.243414,28.932523,28.605342,13.861771,18.938750,18.370989,18.350660,20.174889,28.888811,28.694925,13.895817,19.079788,18.504212,18.292082,20.191548,28.968462,28.790766,14.010711,19.340498
 9.701542,14.273801,15.506603,25.156368,24.764919, 7.156013,10.806472, 9.568164,14.073372,15.260924,24.783468,24.453914, 7.071550,10.691517, 9.475917,13.948363,15.156761,24.619221,24.307156, 7.030233,10.648093, 9.444307,13.915953,15.121294,24.587952,24.301359, 7.034438,10.643098, 9.443210,13.921752,15.116168,24.558675,24.252951, 7.007225,10.608440, 9.411779,13.864183,15.076628,24.515314,24.185614, 6.989032,10.571039, 9.381210,13.867181,15.060904,24.490689,24.184881, 6.994518,10.592766, 9.400586,13.860544,15.071781,24.524184,24.218259, 7.007147,10.626197
 9.387686, 9.363615,10.508978,13.593313, 8.961256, 6.305274, 8.641623, 8.887907, 8.954536,10.166801,13.210391, 8.759165, 6.179809, 8.470357, 8.720359, 8.801063,10.027724,13.050320, 8.653006, 6.105689, 8.396098, 8.658946, 8.752819, 9.984215,13.018990, 8.655816, 6.120484, 8.405037, 8.674550, 8.785850,10.011250,13.043429, 8.649927, 6.089214, 8.360633, 8.625466, 8.718058, 9.951970,12.962343, 8.576408, 6.053737, 8.304577, 8.578306, 8.720712, 9.940764,12.961540, 8.593076, 6.059163, 8.328113, 8.601475, 8.707380, 9.939877,12.968603, 8.600705, 6.080993, 8.375151
17.322940,18.261162,21.579941,33.024325,28.950238,19.421440,18.517228,16.786199,17.764211,21.080086,32.336486,28.468741,19.143154,18.250305,16.558158,17.543159,20.871533,32.044684,28.223373,18.985930,18.136968,16.474970,17.475604,20.804202,31.987838,28.226310,19.014440,18.145098,16.490569,17.514663,20.833589,32.008753,28.196093,18.940006,18.073643,16.422954,17.417679,20.748736,31.881353,28.040719,18.866909,17.986452,16.355657,17.421858,20.728295,31.868424,28.070422,18.879447,18.026248,16.390665,17.402948,20.731025,31.890745,28.094542,18.925627,18.100165
18.426993,18.301907,23.518905,38.272058,30.090387,17.721885,17.377388,17.150974,17.210273,22.387450,36.637306,29.072074,17.202183,16.858884,16.666694,16.766805,21.929061,35.961524,28.552763,16.905284,16.638653,16.491309,16.630171,21.784142,35.830350,28.564318,16.962405,16.660544,16.530955,16.717806,21.862199,35.908312,28.519301,16.829444,16.524382,16.388250,16.522549,21.669941,35.585252,28.172704,16.689545,16.357204,16.250595,16.530375,21.629715,35.570898,28.245805,16.712276,16.430467,16.320659,16.493107,21.631433,35.611206,28.290349,16.800410,16.572313
 9.590877, 9.899329,12.618158,17.723387,16.065812, 9.051896,11.335915, 9.785927,10.053798,12.759583,17.888360,16.188092, 9.114735,11.411957, 9.846600,10.113504,12.816247,17.964499,16.250850, 9.146885,11.439865, 9.867301,10.128446,12.835144,17.979806,16.254545, 9.145206,11.444504, 9.867266,10.125314,12.837466,17.991898,16.270633, 9.165832,11.468158, 9.891899,10.156436,12.861945,18.016523,16.302180, 9.181438,11.494978, 9.912372,10.155596,12.871313,18.027298,16.304431, 9.175106,11.479057, 9.898019,10.155432,12.862331,18.007876,16.285208, 9.164646,11.455515
15.683094,14.062321,19.491678,28.918258,25.555572,12.520307,13.790722,14.871846,13.399963,18.687247,27.839361,24.784909,12.186553,13.428006,14.509254,13.096427,18.357380,27.385128,24.400497,12.004050,13.278961,14.379811,13.007127,18.250694,27.297884,24.403024,12.034794,13.285448,14.400773,13.054656,18.287531,27.311654,24.344773,11.942598,13.185969,14.288361,12.918460,18.152143,27.122163,24.109606,11.857909,13.068133,14.180118,12.924010,18.116583,27.094851,24.147025,11.875031,13.124859,14.239921,12.901923,18.128025,27.142465,24.197080,11.930139,13.226470
13.427768,14.414422,18.466890,25.005199,21.613771,11.567330,15.544816,13.183534,14.142844,18.096725,24.532080,21.272700,11.406149,15.342106,13.025077,13.985121,17.940030,24.330598,21.109678,11.323007,15.260773,12.969099,13.940378,17.887569,24.291415,21.107336,11.335097,15.259175,12.972458,13.956806,17.893518,24.277811,21.066860,11.287295,15.201068,12.923330,13.887275,17.832914,24.209622,20.979080,11.250203,15.136191,12.873880,13.891027,17.814105,24.189835,20.989891,11.258234,15.170018,12.902142,13.878708,17.821840,24.216598,21.013975,11.282891,15.226534
13.087471,16.159763,23.144129,35.068759,23.425216,11.799112,14.810777,12.419951,15.477878,22.401068,34.081644,22.907498,11.569778,14.517676,12.182570,15.213480,22.097950,33.669391,22.634870,11.433510,14.390238,12.095382,15.129968,22.003041,33.589888,22.643991,11.461607,14.406752,12.118852,15.189112,22.064940,33.656695,22.631052,11.404205,14.330257,12.048641,15.071148,21.933991,33.443456,22.439044,11.338594,14.233343,11.981351,15.075395,21.908948,33.441982,22.482075,11.348631,14.274057,12.014688,15.052646,21.907342,33.460335,22.502637,11.389673,14.355852
14.245741,19.141327,34.556923,44.771712,27.038161, 9.795003,17.067947,13.679484,18.461343,33.473935,43.486244,26.404239, 9.587693,16.724153,13.419493,18.143216,33.025071,42.942738,26.087895, 9.474061,16.581625,13.326056,18.048769,32.879168,42.837452,26.089398, 9.493300,16.587885,13.340537,18.098191,32.928888,42.853627,26.039949, 9.436088,16.493954,13.261470,17.957359,32.747456,42.630624,25.847947, 9.383710,16.382425,13.183686,17.963489,32.699829,42.597671,25.879980, 9.393783,16.435773,13.225926,17.938490,32.712629,42.651081,25.917976, 9.427515,16.531315
10.813083,11.679857,16.527222,23.804822,25.550434, 8.758308,14.412934,13.900470,14.367401,19.242508,27.172144,28.256309, 9.586799,15.783431,15.173403,15.539439,20.485990,28.712456,29.831621,10.135122,16.440468,15.679083,15.945559,20.890202,29.023488,29.754257,10.009008,16.328519,15.519154,15.627929,20.568857,28.664488,29.762784,10.229333,16.720633,15.922996,16.188756,21.155302,29.589102,31.013166,10.512855,17.240427,16.318326,16.168785,21.247149,29.542446,30.687568,10.475288,17.032805,16.130874,16.289077,21.282028,29.523308,30.611202,10.299225,16.602999
15.317675,15.842197,25.683492,37.136397,26.078320,11.788594,16.664308,15.196060,15.688535,25.361607,36.683663,25.800966,11.676156,16.521654,15.080473,15.574217,25.222040,36.483285,25.673607,11.623000,16.468193,15.040698,15.544821,25.173074,36.444085,25.666228,11.627318,16.459489,15.036351,15.546446,25.160324,36.398291,25.617642,11.590598,16.416488,14.998030,15.495572,25.111388,36.356979,25.566125,11.568223,16.371012,14.958927,15.498557,25.089118,36.322088,25.563000,11.575120,16.398447,14.983849,15.491821,25.104224,36.364436,25.591850,11.590598,16.438753
13.794068,14.751088,28.467575,41.926467,26.908258,12.543225,16.551714,16.310884,16.813007,30.983586,45.025914,28.381024,13.140024,17.392768,17.123759,17.554440,32.067245,46.382381,29.247545,13.545883,17.795256,17.442113,17.813604,32.403205,46.652672,29.192137,13.446293,17.708487,17.320055,17.584830,32.065623,46.216763,29.130703,13.585764,17.931823,17.568568,17.934559,32.587000,47.118901,29.858548,13.797306,18.239752,17.801149,17.924744,32.649691,47.024503,29.656003,13.771994,18.128173,17.697821,17.997569,32.697229,47.051670,29.633965,13.643742,17.875384
14.654473,14.728533,18.033681,22.877692,21.567659,12.664388,15.391064,14.053116,14.195641,17.489941,22.255564,21.105076,12.428027,15.103683,13.803512,13.966610,17.265170,21.996990,20.867961,12.291316,14.979349,13.711991,13.894620,17.193656,21.946855,20.874570,12.318990,14.993399,13.733421,13.941918,17.234391,21.980020,20.854601,12.258378,14.917593,13.661276,13.841891,17.140184,21.854560,20.693893,12.193931,14.824036,13.589766,13.846139,17.121195,21.850399,20.730106,12.203313,14.864317,13.625167,13.824770,17.119644,21.862516,20.746908,12.243885,14.943391
 4.211485, 5.103490, 7.150267,11.095876,10.130602, 6.466201, 6.859055, 6.502009, 7.263256, 9.319934,13.948433,12.114718, 7.571115, 8.055386, 7.585461, 8.333849,10.386966,15.340529,13.302842, 8.311383, 8.641697, 8.028533, 8.707995,10.747993,15.627621,13.258593, 8.149194, 8.559410, 7.908264, 8.441352,10.508220,15.378165,13.323037, 8.475544, 8.927903, 8.270032, 8.969621,11.013080,16.168277,14.241712, 8.862660, 9.410582, 8.635050, 8.946141,11.102312,16.157689,14.011091, 8.806134, 9.205785, 8.455028, 9.062379,11.121708,16.110141,13.935113, 8.564546, 8.807181
14.408897,13.170607,20.934225,25.503340,22.507923,12.414947,14.452559,13.996021,12.810963,20.400402,24.899585,22.072841,12.204178,14.214580,13.782374,12.628903,20.176086,24.642955,21.857878,12.090139,14.116231,13.705554,12.575167,20.102351,24.593339,21.858052,12.109026,14.119214,13.715650,12.601266,20.123370,24.594652,21.819170,12.049669,14.053537,13.651008,12.521276,20.034473,24.495208,21.692902,11.997749,13.976473,13.586124,12.525037,20.009759,24.476726,21.712858,12.007780,14.014091,13.621603,12.510184,20.016791,24.503616,21.739427,12.041475,14.080314
 6.333993, 8.319826,10.342870,15.617849,13.312224, 4.567169, 7.314872, 6.469937, 8.450270,10.433458,15.725477,13.373890, 4.586653, 7.350522, 6.503395, 8.485858,10.469874,15.768551,13.414151, 4.602823, 7.369455, 6.516952, 8.500159,10.480047,15.776457,13.407899, 4.597208, 7.361593, 6.508216, 8.482112,10.459572,15.744997,13.394005, 4.599825, 7.369492, 6.517071, 8.498485,10.479147,15.787064,13.437549, 4.608719, 7.382700, 6.525151, 8.498462,10.479233,15.776802,13.422291, 4.608434, 7.379770, 6.522835, 8.502991,10.484248,15.785239,13.426363, 4.603205, 7.369331
21.275316,22.110762,29.024076,41.601482,36.275319,17.872096,23.540331,20.970180,21.743257,28.426433,40.775201,35.656410,17.603335,23.216042,20.711748,21.487195,28.168901,40.411088,35.369288,17.473892,23.092611,20.621923,21.419761,28.079082,40.339566,35.354176,17.485480,23.075489,20.615224,21.427843,28.062569,40.268309,35.254316,17.400050,22.980225,20.531397,21.315163,27.972384,40.187246,35.132559,17.345322,22.876820,20.445220,21.321156,27.932191,40.127510,35.128904,17.361308,22.937578,20.499107,21.305651,27.957534,40.199130,35.189648,17.398429,23.027988
17.137101,17.707828,22.492691,32.538613,25.324387,16.373729,17.778939,15.755937,16.483149,21.245324,30.935784,24.336154,15.820753,17.169036,15.240415,15.992514,20.742542,30.274955,23.830863,15.503606,16.910113,15.053866,15.841232,20.584203,30.147417,23.843341,15.565251,16.937164,15.097869,15.940503,20.673031,30.229158,23.804196,15.424995,16.778014,14.945851,15.724096,20.461337,29.909312,23.464283,15.275262,16.581363,14.799981,15.732337,20.417111,29.896637,23.535597,15.299695,16.667101,14.874278,15.691857,20.419178,29.935571,23.579424,15.394183,16.834068
16.426185,16.590968,18.181716,24.106469,28.712743,13.334932,17.551331,15.537574,15.813305,17.483048,23.279025,27.943742,13.021274,17.137860,15.188478,15.490060,17.196855,22.934425,27.548075,12.839889,16.960232,15.061077,15.389432,17.106240,22.868107,27.558595,12.875978,16.979600,15.091181,15.455561,17.157362,22.910991,27.526410,12.795554,16.871016,14.989097,15.313516,17.037251,22.744833,27.259880,12.709922,16.736206,14.889088,15.319127,17.012102,22.738000,27.317139,12.723269,16.794762,14.939396,15.290718,17.012034,22.756924,27.349172,12.777173,16.908816
 5.000659, 5.144286, 6.116338, 9.041117, 9.393985, 6.305414, 5.460197, 4.878395, 5.023071, 5.977807, 8.857142, 9.238649, 6.212728, 5.380208, 4.811257, 4.959298, 5.919121, 8.778480, 9.162056, 6.162819, 5.347187, 4.787087, 4.940532, 5.899710, 8.763264, 9.161901, 6.170924, 5.347902, 4.789967, 4.949264, 5.904673, 8.762646, 9.147175, 6.144526, 5.325714, 4.769640, 4.921297, 5.881660, 8.733146, 9.102995, 6.121919, 5.299752, 4.749037, 4.922631, 5.874994, 8.726922, 9.109624, 6.126343, 5.312570, 4.760367, 4.917400, 5.877008, 8.735552, 9.119386, 6.141055, 5.334888
 4.905333, 5.576812, 9.932667,12.913177,10.912572, 5.920331, 7.434128, 7.205041, 7.686939,12.619517,15.953303,12.880386, 6.869038, 8.625576, 8.306975, 8.731321,13.929624,17.418898,14.052511, 7.504582, 9.209631, 8.756640, 9.097893,14.370917,17.719932,14.003756, 7.362381, 9.122451, 8.629236, 8.829656,14.062274,17.435618,14.053348, 7.636939, 9.484534, 8.992261, 9.341226,14.681413,18.279517,14.968907, 7.968631, 9.960993, 9.358997, 9.320004,14.789348,18.261569,14.736408, 7.922482, 9.761869, 9.180265, 9.433887,14.818250,18.222011,14.668017, 7.714843, 9.368387
15.528786,17.755016,26.496256,41.174499,31.057529,19.894502,18.251678,15.530447,17.785258,26.600338,41.339244,31.168164,19.954827,18.300255,15.567250,17.824291,26.641104,41.409458,31.214614,19.980168,18.316220,15.577968,17.831823,26.654676,41.419978,31.215861,19.977471,18.319825,15.580506,17.834343,26.665647,41.449237,31.244161,20.001643,18.337923,15.595032,17.854062,26.683147,41.462578,31.260425,20.012764,18.354208,15.608616,17.852728,26.690758,41.477007,31.263741,20.007796,18.342521,15.598686,17.854236,26.682790,41.454597,31.247391,19.998811,18.327030
 8.865974,10.270549,17.768178,28.205316,20.725832, 9.342140,10.613208, 9.309302,10.666356,18.201701,28.776685,21.036450, 9.465685,10.764971, 9.442022,10.798969,18.380086,29.016417,21.215563, 9.548914,10.836468, 9.493009,10.845008,18.434200,29.063389,21.202606, 9.527888,10.819856, 9.472210,10.802569,18.375485,28.979297,21.185713, 9.555193,10.858829, 9.511856,10.864367,18.461765,29.144192,21.338674, 9.598341,10.912525, 9.548148,10.862869,18.471147,29.124275,21.295435, 9.593379,10.893602, 9.532247,10.875486,18.479735,29.131676,21.292105, 9.567114,10.849414
15.182195,20.132242,18.535341,30.336015,22.050436, 9.171235,14.735567,14.267228,19.119509,17.795164,29.272898,21.441566, 8.944074,14.374268,13.933627,18.720078,17.493608,28.831701,21.124928, 8.810709,14.217774,13.811360,18.594205,17.398811,28.746135,21.134456, 8.837834,14.236990,13.842628,18.680891,17.458011,28.813115,21.116088, 8.781106,14.143277,13.745570,18.505188,17.329982,28.590812,20.896815, 8.717611,14.025405,13.651395,18.511888,17.305100,28.587521,20.946271, 8.727085,14.075139,13.697819,18.476560,17.303025,28.606667,20.968846, 8.766675,14.174413
15.902405,16.911905,22.945963,30.594475,27.692782,12.838341,16.400193,15.085723,16.133939,22.017129,29.470442,26.867978,12.499284,15.978690,14.723983,15.776633,21.636271,28.994908,26.459052,12.316326,15.807076,14.595338,15.672842,21.512421,28.902664,26.458118,12.345098,15.810986,14.612909,15.723644,21.547740,28.905825,26.388844,12.250427,15.695129,14.500272,15.563869,21.394105,28.717568,26.147268,12.166260,15.558888,14.391580,15.570555,21.351495,28.684090,26.182319,12.184131,15.625821,14.452438,15.545500,21.367275,28.738575,26.238855,12.238652,15.743085
13.945899,13.910882,23.897332,36.047555,24.729303,11.012447,15.018357,13.841507,13.767932,23.577322,35.572795,24.452100,10.903016,14.881581,13.726860,13.661723,23.437403,35.371376,24.322321,10.847135,14.825749,13.685808,13.630919,23.389558,35.332189,24.320639,10.855777,14.824857,13.687386,13.641450,23.394051,35.316349,24.285085,10.823229,14.785890,13.654136,13.596782,23.342882,35.253807,24.217582,10.799101,14.742740,13.617959,13.599544,23.326143,35.232428,24.227066,10.803496,14.765189,13.637893,13.589258,23.330804,35.256001,24.242881,10.819565,14.802518
27.964527,29.450160,37.385234,61.489146,46.983085,27.082889,29.066390,27.113521,28.666992,36.555708,60.260364,46.238879,26.714516,28.667326,26.761721,28.327901,36.210132,59.742703,45.855911,26.502306,28.495400,26.632519,28.222153,36.099402,59.641852,45.863991,26.543360,28.512058,26.660666,28.288669,36.157242,59.698028,45.827388,26.447374,28.406294,26.557670,28.139979,36.014041,59.456407,45.573970,26.347655,28.275544,26.455375,28.146208,35.982754,59.442126,45.627432,26.363231,28.333022,26.507015,28.115772,35.983220,59.472522,45.658949,26.425961,28.443517
10.655942,14.054284,19.720437,28.512268,19.720978, 6.620169,12.748771,11.323127,14.732864,20.338548,29.262803,20.103773, 6.737173,12.980502,11.528642,14.962962,20.595477,29.575041,20.325298, 6.817450,13.092234,11.608569,15.045192,20.673238,29.636599,20.307326, 6.796002,13.063588,11.574467,14.966920,20.582027,29.514028,20.281965, 6.820671,13.121892,11.632984,15.071617,20.705818,29.736436,20.476152, 6.862190,13.203402,11.688109,15.068788,20.716517,29.704349,20.416846, 6.858574,13.176577,11.665900,15.093918,20.734527,29.724026,20.419983, 6.833608,13.110140
 8.053234, 8.176247,12.468116,14.397267,18.716067, 5.637108, 8.780372, 7.771255, 7.904603,12.087516,13.989885,18.293939, 5.516698, 8.605768, 7.625864, 7.768614,11.928101,13.818189,18.084934, 5.450892, 8.532952, 7.573398, 7.727912,11.875952,13.785043,18.086467, 5.462386, 8.536475, 7.581371, 7.749141,11.893729,13.789986,18.052320, 5.429086, 8.488729, 7.538003, 7.689675,11.829994,13.720371,17.925838, 5.398997, 8.432296, 7.494370, 7.692419,11.813245,13.709847,17.947929, 5.404432, 8.459218, 7.517766, 7.680848,11.816838,13.725649,17.971159, 5.423899, 8.507567
16.217809,15.549688,18.043966,22.929872, 7.015760, 3.071153,15.146894,16.218227,15.533393,17.983518,22.849522, 6.989863, 3.059528,15.108584,16.185486,15.499566,17.954258,22.808975, 6.979255, 3.055310,15.096638,16.174772,15.493043,17.942506,22.800346, 6.976758, 3.054538,15.087920,16.166207,15.483981,17.928171,22.773802, 6.968135, 3.050117,15.076265,16.155536,15.471009,17.923726,22.783178, 6.969376, 3.048973,15.065215,16.142140,15.472250,17.915885,22.767331, 6.966061, 3.049820,15.074520,16.152009,15.471001,17.922902,22.782605, 6.970257, 3.050582,15.084173
24.381719,27.124888,34.638229,47.004107,34.937636,19.033872,25.440973,22.419628,25.234873,32.661285,44.595345,33.516222,18.362064,24.539698,21.664752,24.463172,31.864272,43.604752,32.794304,17.979507,24.158417,21.392267,24.226111,31.612826,43.413863,32.811504,18.053513,24.196849,21.454739,24.379298,31.749457,43.528707,32.750045,17.882295,23.961166,21.232677,24.039924,31.415495,43.055544,32.268555,17.702419,23.671854,21.018856,24.053173,31.344803,43.033653,32.368804,17.731775,23.798803,21.128065,23.989107,31.348746,43.093928,32.432197,17.845689,24.044976
16.080162,16.594187,21.069298,28.747714,26.235475,13.983891,16.188041,15.145902,15.799447,20.331896,27.874293,25.628462,13.702884,15.846290,14.835326,15.509245,20.031564,27.511677,25.298759,13.527381,15.692710,14.719215,15.413657,19.939016,27.442319,25.315775,13.567655,15.720111,14.757870,15.490864,20.017376,27.530574,25.321158,13.502167,15.634283,14.669105,15.362359,19.884822,27.322700,25.071700,13.416315,15.519923,14.583335,15.366181,19.863176,27.332291,25.133992,13.427151,15.564069,14.622980,15.339020,19.855099,27.335604,25.148997,13.480009,15.659274
14.515164,14.486361,18.096205,24.742622,23.542268,13.845483,15.396670,13.957267,13.984739,17.549973,24.065095,23.026229,13.580959,15.105183,13.708519,13.755977,17.323145,23.780510,22.766487,13.433162,14.982213,13.618285,13.686392,17.249836,23.725106,22.769748,13.459976,14.990755,13.634724,13.726151,17.280869,23.743867,22.735848,13.388995,14.912228,13.560837,13.625735,17.188294,23.619705,22.571597,13.320427,14.817758,13.487655,13.630172,17.166235,23.607157,22.603210,13.332192,14.861175,13.525948,13.610628,17.169312,23.629160,22.628881,13.375913,14.941649
13.461869,16.099911,23.663817,33.978713,25.153091,11.583923,14.250721,13.208674,15.766360,23.093244,33.196229,24.658040,11.380253,14.018724,13.014354,15.548987,22.849534,32.854919,24.425101,11.279394,13.928793,12.946404,15.490275,22.765821,32.788776,24.416573,11.290606,13.920419,12.945257,15.503344,22.759817,32.738134,24.345224,11.227301,13.852945,12.882788,15.407126,22.670931,32.647809,24.236367,11.183683,13.778365,12.819218,15.411921,22.635201,32.599118,24.239114,11.195432,13.820543,12.858079,15.398023,22.655858,32.659829,24.284423,11.224917,13.885636
14.121347,15.060335,23.447287,34.923510,28.275626,13.558969,14.596790,13.412483,14.380790,22.505985,33.652044,27.430690,13.199543,14.219139,13.090802,14.060056,22.119015,33.108431,27.014760,13.009449,14.068176,12.977089,13.969075,21.991733,33.002655,27.009320,13.036122,14.066488,12.988710,14.008025,22.016389,32.985119,26.927854,12.933043,13.961256,12.885762,13.863197,21.862542,32.786231,26.694152,12.846289,13.838889,12.787099,13.869132,21.815152,32.737690,26.719882,12.866915,13.901535,12.844521,13.849248,21.837853,32.812291,26.787247,12.923706,14.007382
19.142216,19.369405,21.850474,30.566722,25.924057,12.925804,18.472718,18.569594,18.800791,21.226046,29.751264,25.363528,12.681326,18.135905,18.254032,18.508912,20.962903,29.412274,25.086165,12.545621,17.992299,18.138908,18.418771,20.877042,29.346594,25.091111,12.571672,18.003686,18.159425,18.470236,20.913852,29.369355,25.051719,12.506066,17.912987,18.069433,18.345332,20.808442,29.223489,24.876626,12.444016,17.804927,17.976495,18.351433,20.783717,29.208936,24.913384,12.453210,17.854151,18.023744,18.322868,20.783950,29.230380,24.935463,12.493004,17.946034
14.912578,16.225178,23.403325,28.884614,24.547780,13.173889,15.280884,14.169459,15.532105,22.592509,27.987128,23.941148,12.888341,14.949315,13.878633,15.241460,22.259753,27.610003,23.631173,12.726244,14.808963,13.773045,15.152691,22.153406,27.536597,23.635877,12.755980,14.820253,13.794580,15.206303,22.203949,27.569968,23.602961,12.680898,14.732068,13.707660,15.077775,22.066136,27.398368,23.402182,12.604868,14.624102,13.623124,15.082987,22.034610,27.385101,23.441424,12.618088,14.672785,13.667121,15.059223,22.038786,27.412721,23.471818,12.666065,14.764385
11.203059,11.822314,15.186012,21.753073,22.777088,11.783025,12.529221,12.609372,12.976822,16.161196,22.921283,23.677149,12.187872,12.991687,13.063693,13.391380,16.575338,23.425640,24.196931,12.457719,13.209724,13.239781,13.534488,16.703810,23.526010,24.165314,12.392839,13.164833,13.174300,13.410474,16.579323,23.372025,24.134153,12.487763,13.287161,13.312782,13.604889,16.776672,23.700452,24.563914,12.627138,13.453571,13.441874,13.599437,16.801678,23.668901,24.446681,12.609855,13.392150,13.383475,13.638922,16.817804,23.675479,24.430425,12.524835,13.255044
13.356010,11.591879,21.658207,23.318011,21.120153,10.870436,14.490557,12.738080,11.143892,21.036270,22.726154,20.699978,10.679019,14.234169,12.522575,10.969253,20.781064,22.475034,20.480117,10.567586,14.124134,12.443565,10.915147,20.700079,22.425785,20.483717,10.588294,14.134344,12.461325,10.949522,20.743414,22.454828,20.466380,10.539236,14.067491,12.397341,10.872358,20.637358,22.336715,20.320857,10.486522,13.983199,12.335189,10.875254,20.613881,22.330019,20.350247,10.495454,14.020111,12.366857,10.860982,20.615765,22.346099,20.370123,10.528013,14.090828
29.198835,37.278343,46.098457,64.789232,48.386074,29.438178,29.809073,26.507468,34.395555,43.299880,61.299180,46.335518,28.365120,28.694860,25.563138,33.286452,42.181217,59.862456,45.282837,27.747843,28.223023,25.222120,32.945204,41.830761,59.584860,45.308346,27.866931,28.272819,25.304428,33.171725,42.032002,59.771119,45.235618,27.597595,27.984287,25.025066,32.681448,41.559568,59.069098,44.524558,27.305411,27.625754,24.759835,32.699414,41.461737,59.044758,44.672686,27.354036,27.781290,24.895107,32.610946,41.467658,59.129844,44.765771,27.537615,28.085433
 7.773287, 7.689076,11.454298,19.866708,18.875285, 8.032187, 9.915117,11.080118,10.428240,14.553753,24.525288,22.249625, 9.304080,11.488195,12.729210,11.827465,16.076570,26.781802,24.251283,10.151260,12.259352,13.403913,12.318237,16.594046,27.245875,24.173940, 9.964011,12.150609,13.221532,11.968701,16.249441,26.841421,24.284502,10.337112,12.630700,13.762470,12.650398,16.960145,28.104830,25.824046,10.776202,13.260393,14.317065,12.621218,17.090552,28.095449,25.437883,10.714863,12.993452,14.045027,12.776565,17.121682,28.025853,25.318426,10.439713,12.474347
 2.629235, 3.173904, 5.549165, 9.127102, 8.174772, 3.974712, 5.085083, 4.160635, 4.653852, 7.408999,11.718070, 9.961203, 4.776814, 6.085316, 4.961773, 5.440792, 8.342752,12.995774,11.032720, 5.315618, 6.580144, 5.292808, 5.718615, 8.663391,13.259797,10.992074, 5.196655, 6.511970, 5.205279, 5.523176, 8.455625,13.040182,11.060287, 5.438505, 6.824513, 5.472694, 5.911432, 8.895027,13.755050,11.886897, 5.719772, 7.233469, 5.748208, 5.893798, 8.976320,13.752884,11.679627, 5.679842, 7.058091, 5.611906, 5.982986, 8.994295,13.709160,11.612839, 5.502764, 6.720602
18.426993,18.301907,23.518905,38.272058,30.090387,17.721885,17.377388,17.150974,17.210273,22.387450,36.637306,29.072074,17.202183,16.858884,16.666694,16.766805,21.929061,35.961524,28.552763,16.905284,16.638653,16.491309,16.630171,21.784142,35.830350,28.564318,16.962405,16.660544,16.530955,16.717806,21.862199,35.908312,28.519301,16.829444,16.524382,16.388250,16.522549,21.669941,35.585252,28.172704,16.689545,16.357204,16.250595,16.530375,21.629715,35.570898,28.245805,16.712276,16.430467,16.320659,16.493107,21.631433,35.611206,28.290349,16.800410,16.572313
11.476096,12.352068,18.056571,23.778695,21.702207,11.838266,11.717793,10.598167,11.573583,17.199775,22.791258,20.996123,11.499211,11.372681,10.299360,11.277072,16.854196,22.378466,20.630144,11.303237,11.225835,10.190911,11.185907,16.745552,22.298204,20.637090,11.340106,11.240146,10.215935,11.244695,16.804971,22.347531,20.609190,11.254105,11.150685,10.127543,11.113941,16.660576,22.150859,20.365870,11.161478,11.038670,10.042667,11.118815,16.629594,22.141507,20.415583,11.177174,11.087549,10.085909,11.094997,16.631997,22.167480,20.448593,11.234589,11.181890
17.213287,17.484707,34.941187,51.443349,38.989372,14.471559,16.969698,17.700144,17.878899,35.469660,52.105794,39.364512,14.592623,17.119767,17.852955,18.014896,35.681553,52.377425,39.571482,14.670166,17.188033,17.909720,18.060084,35.745389,52.429668,39.557144,14.650966,17.173445,17.888347,18.020445,35.683934,52.350330,39.549237,14.680000,17.214217,17.935671,18.084984,35.788790,52.533149,39.721803,14.720207,17.266426,17.977657,18.082940,35.799756,52.512762,39.673559,14.714855,17.246640,17.958083,18.095210,35.807315,52.514609,39.665542,14.689766,17.202819
 8.237736,10.677611,10.574571,15.457027,13.794260, 7.479351, 9.013907, 8.027952,10.412929,10.313267,15.104820,13.538700, 7.355913, 8.870634, 7.907651,10.274018,10.203049,14.958133,13.412497, 7.287687, 8.809822, 7.863998,10.231503,10.167153,14.930010,13.414893, 7.300849, 8.814542, 7.871624,10.255486,10.181830,14.938353,13.395613, 7.267142, 8.775379, 7.836869,10.195508,10.137244,14.875383,13.316217, 7.235838, 8.729213, 7.801195,10.198514,10.126783,14.868737,13.332584, 7.240613, 8.750476, 7.819516,10.185017,10.127259,14.878930,13.343487, 7.260888, 8.790020
18.062663,18.655692,20.343848,27.967290,23.134901,13.996052,14.919082,16.561149,17.365122,19.278443,26.689034,22.314167,13.564804,14.441495,16.056066,16.886956,18.850647,26.162066,21.881059,13.306475,14.233540,15.870697,16.734801,18.717796,26.060509,21.897501,13.360840,14.263109,15.924417,16.847499,18.812643,26.159711,21.887556,13.256601,14.141221,15.776637,16.635080,18.627021,25.878115,21.576115,13.131982,13.984510,15.636228,16.641874,18.592834,25.881198,21.647515,13.150509,14.048854,15.704955,16.601438,18.588808,25.899743,21.677235,13.228070,14.180486
 8.342322, 8.697247,10.727937,15.483872,14.169485, 8.502115, 8.477767, 8.125279, 8.487057,10.492821,15.175413,13.942111, 8.381825, 8.358698, 8.018182, 8.385028,10.393350,15.045724,13.827961, 8.314275, 8.307614, 7.978850, 8.353351,10.360922,15.020323,13.829602, 8.327006, 8.311608, 7.985946, 8.371509,10.375172,15.029884,13.814482, 8.294998, 8.279858, 7.955438, 8.327883,10.335532,14.974073,13.742418, 8.264032, 8.241440, 7.923907, 8.329982,10.326196,14.968571,13.757478, 8.268641, 8.258759, 7.939807, 8.320077,10.326231,14.976586,13.766407, 8.288203, 8.291211
 8.415731, 8.527527, 9.265268,14.369023,15.581075, 5.298491, 8.637227, 7.862109, 8.074728, 8.913903,13.912632,15.206002, 5.177878, 8.441972, 7.689146, 7.914389, 8.772262,13.720863,15.002539, 5.103986, 8.356430, 7.625376, 7.863354, 8.728593,13.684152,15.010615, 5.119571, 8.369073, 7.644915, 7.902260, 8.761121,13.722344,15.009068, 5.090279, 8.318936, 7.592880, 7.829463, 8.698374,13.617170,14.860385, 5.054016, 8.253289, 7.544319, 7.831545, 8.686797,13.618756,14.893455, 5.059759, 8.280125, 7.568317, 7.818819, 8.686176,13.626602,14.909476, 5.082264, 8.335311
16.813842,17.384769,18.742455,24.557283,23.471914,10.416011,15.505121,16.225551,16.846566,18.235138,23.955163,23.009118,10.232508,15.241236,15.968998,16.600639,18.023487,23.698168,22.776061,10.131141,15.131069,15.876099,16.527140,17.954527,23.648024,22.776406,10.148057,15.135722,15.890336,16.565355,17.978259,23.656335,22.740972,10.097779,15.064531,15.813280,16.457519,17.894072,23.552734,22.600807,10.051265,14.978756,15.736412,16.462203,17.871478,23.536595,22.624077,10.060080,15.019489,15.777714,16.442461,17.877060,23.561172,22.651124,10.089594,15.092384
12.856397,14.307163,21.430064,26.757798,32.832460,13.171431,15.285437,11.974356,13.468474,20.430758,25.644076,31.765913,12.792832,14.842327,11.640236,13.128648,20.025846,25.182997,31.219956,12.575730,14.653976,11.519221,13.023910,19.898064,25.093788,31.233009,12.617804,14.673249,11.547247,13.091949,19.968233,25.148672,31.187732,12.520821,14.556567,11.448161,12.941483,19.797175,24.925833,30.820811,12.418081,14.413051,11.353069,12.947389,19.761586,24.916666,30.897925,12.434908,14.475862,11.401581,12.919161,19.763421,24.944479,30.945807,12.499816,14.597846
 9.743948, 9.675708,12.354622,16.666696,20.180668, 9.036639, 8.879180, 9.019899, 9.062050,11.733420,15.928058,19.482750, 8.755833, 8.598398, 8.751021, 8.814825,11.482330,15.620935,19.126863, 8.596479, 8.480199, 8.654114, 8.739659,11.402928,15.561527,19.133283, 8.626104, 8.490548, 8.674963, 8.786366,11.442642,15.591744,19.098786, 8.553256, 8.416390, 8.594559, 8.676818,11.337599,15.448545,18.865561, 8.478250, 8.325692, 8.517582, 8.681174,11.314536,15.439614,18.911834, 8.491324, 8.366212, 8.557563, 8.661474,11.317508,15.461479,18.946658, 8.538696, 8.443420
11.356688,11.499109,13.639532,19.967945,22.049724,13.694056,14.775265,13.418291,13.197246,15.113157,21.822177,23.598000,14.520532,15.696721,14.224060,13.910193,15.763377,22.648594,24.468630,15.045407,16.122888,14.535415,14.148356,15.972964,22.814362,24.433872,14.931535,16.060087,14.445435,13.972108,15.823575,22.652828,24.460519,15.151171,16.320064,14.699667,14.308816,16.123545,23.122755,25.121814,15.417341,16.655852,14.944660,14.296441,16.174212,23.109518,24.958878,15.378262,16.517022,14.824746,14.363810,16.184479,23.084611,24.903521,15.212572,16.237570
11.497281,12.132159,15.641752,21.654934,24.674638,10.425683,13.222395,11.959381,12.504318,15.936313,21.988204,24.945627,10.526307,13.362193,12.086196,12.620213,16.055542,22.126418,25.104932,10.596062,13.428773,12.134985,12.661059,16.091002,22.153529,25.091756,10.577682,13.411474,12.113165,12.621021,16.047767,22.097193,25.069885,10.598625,13.446813,12.151093,12.675574,16.107194,22.199552,25.212371,10.635429,13.496471,12.184809,12.674438,16.112297,22.184241,25.170423,10.631434,13.479956,12.170583,12.685360,16.119227,22.191349,25.169590,10.609208,13.439252
15.890701,17.327065,25.515480,34.381623,27.079728,13.560684,16.753009,15.339131,16.796062,24.849088,33.568500,26.564729,13.334044,16.476491,15.101055,16.557488,24.572102,33.223613,26.303422,13.207076,16.360202,15.014684,16.485385,24.482524,33.156690,26.306151,13.229550,16.367485,15.030294,16.526173,24.519193,33.177070,26.271980,13.168142,16.292670,14.958276,16.420307,24.405784,33.028066,26.107803,13.109001,16.202140,14.887542,16.424719,24.377587,33.010997,26.137318,13.119821,16.244240,14.925206,16.405488,24.383411,33.040881,26.166123,13.157602,16.321436
10.367273,10.614675,12.252186,22.091343,18.713296, 8.385425,10.909339,10.656974,10.822315,12.364383,22.234363,18.789321, 8.415395,10.959060,10.708797,10.866678,12.406612,22.291131,18.842562, 8.441516,10.984854,10.729313,10.884055,12.417752,22.302479,18.834793, 8.433000,10.973973,10.715289,10.861228,12.393341,22.256277,18.811971, 8.436126,10.985102,10.731027,10.883575,12.418093,22.318889,18.873400, 8.451431,11.003706,10.742693,10.883628,12.417562,22.302024,18.852280, 8.450268,10.999861,10.739174,10.887510,12.422534,22.312943,18.856343, 8.441486,10.985073
 8.187776, 9.264718,10.800746,16.099548, 7.214070, 3.671728, 9.045137, 8.939929,10.047733,11.635830,17.228835, 7.646159, 3.877794, 9.481172, 9.341798,10.454359,12.006571,17.724969, 7.871333, 3.997456, 9.674179, 9.493563,10.583845,12.130784,17.824668, 7.867483, 3.974606, 9.659237, 9.466172,10.509367,12.077057,17.788481, 7.899038, 4.033771, 9.785945, 9.590542,10.694566,12.235221,18.017476, 8.048988, 4.091098, 9.937872, 9.716709,10.685577,12.270356,18.035004, 8.016358, 4.081828, 9.867575, 9.650909,10.725294,12.269004,18.001971, 7.997170, 4.045105, 9.739714
 9.082150,11.821923,15.898866,27.170917,25.111040,13.448125,12.723680,12.517853,15.411019,19.483220,32.466516,28.819371,15.153598,14.398814,14.090665,17.119805,21.193114,34.971581,31.003235,16.286532,15.211920,14.725601,17.715382,21.762530,35.483191,30.909245,16.031899,15.086925,14.541461,17.273362,21.352898,34.977370,30.984604,16.512880,15.585887,15.052052,18.101898,22.157651,36.428817,32.690319,17.100827,16.241727,15.563308,18.068603,22.294078,36.387713,32.254495,17.020248,15.970793,15.316102,18.251534,22.334356,36.329107,32.133134,16.653068,15.428565
20.767336,21.109515,27.804186,44.485978,36.363528,19.201677,19.031165,20.120336,20.514456,27.106376,43.469869,35.691238,18.892816,18.728247,19.823475,20.235018,26.815478,43.038460,35.355337,18.723547,18.602418,19.716449,20.151871,26.720528,42.954149,35.356017,18.751749,18.607376,19.732279,20.194518,26.751805,42.965414,35.302317,18.666281,18.524437,19.642022,20.070955,26.634757,42.790103,35.099532,18.588353,18.426070,19.552918,20.076496,26.603915,42.763372,35.133426,18.603302,18.473187,19.601240,20.054297,26.612087,42.805704,35.173353,18.653321,18.557314
30.408435,27.737471,29.681389,38.598116,33.445633,20.719190,28.664298,27.718089,25.666094,27.956085,36.614561,32.100816,20.000179,27.653843,26.787179,24.879675,27.267240,35.800976,31.407860,19.583330,27.223471,26.450558,24.635961,27.052468,35.643700,31.427527,19.666114,27.273743,26.535857,24.802696,27.183420,35.761595,31.386135,19.487079,27.011737,26.261007,24.454136,26.888713,35.350904,30.908447,19.288428,26.686043,26.001382,24.467181,26.831664,35.344510,31.012827,19.320221,26.825011,26.131976,24.402758,26.831518,35.386266,31.069119,19.444883,27.101347
34.044680,36.088987,40.356070,54.466432,44.372195,32.522710,42.999605,41.906836,42.631340,45.437455,60.343828,47.967241,34.744302,46.078263,44.801169,45.266432,47.695269,62.995590,50.047342,36.200458,47.527795,45.932775,46.162070,48.417581,63.528224,49.951789,35.873908,47.286789,45.573267,45.461518,47.845094,62.916878,49.952565,36.453021,48.151657,46.494159,46.721328,48.909032,64.505116,51.588413,37.204173,49.297463,47.373108,46.678671,49.075296,64.424368,51.173039,37.096610,48.838683,46.951352,46.928143,49.124221,64.372880,51.054626,36.633793,47.890358
13.011185,13.801691,14.839808,21.080264,26.198037, 7.664791,13.022873,12.776595,13.585781,14.641142,20.828997,25.949744, 7.597405,12.914068,12.677109,13.488139,14.558537,20.719714,25.823378, 7.560380,12.869598,12.641704,13.460070,14.531891,20.699084,25.823496, 7.566332,12.870788,12.646881,13.474025,14.539281,20.699035,25.801499, 7.546861,12.840190,12.614954,13.429278,14.505185,20.655404,25.726690, 7.529540,12.803916,12.584359,13.431177,14.495625,20.647204,25.736530, 7.533414,12.821854,12.601669,13.424545,14.499700,20.661168,25.756131, 7.544707,12.853366
14.950889,14.663226,19.174719,25.237171,25.025389,13.536265,14.638739,14.388002,14.166490,18.605656,24.556697,24.483312,13.279206,14.364181,14.136201,13.937622,18.369962,24.268831,24.212060,13.137823,14.250108,14.045696,13.869593,18.293576,24.213135,24.213596,13.162016,14.255557,14.060041,13.905574,18.320254,24.222783,24.171732,13.091171,14.180575,13.983637,13.804290,18.224691,24.103588,24.006336,13.025875,14.091447,13.908488,13.808775,18.200107,24.086880,24.034603,13.038291,14.133848,13.949062,13.790546,18.206349,24.114518,24.066519,13.080198,14.210156
 9.751793,10.830324,13.092593,17.493694,13.509879,10.327151,11.634569,10.890995,11.862241,14.005984,18.549191,14.136463,10.735939,12.111491,11.323194,12.279770,14.399388,19.006311,14.485444,10.996429,12.332174,11.488973,12.420274,14.524015,19.096552,14.467716,10.936455,12.294053,11.436204,12.309699,14.424059,18.990843,14.469766,11.040146,12.424780,11.568075,12.503600,14.606278,19.262112,14.741702,11.171809,12.594738,11.694892,12.496782,14.633745,19.247208,14.670797,11.154534,12.527245,11.634999,12.537859,14.644729,19.242165,14.654559,11.072656,12.385825
 3.728405, 5.586204, 7.369542,10.371854, 8.840255, 5.470101, 5.414189, 5.567127, 7.743720, 9.560460,13.051363,10.605382, 6.431988, 6.387499, 6.509592, 8.868698,10.645841,14.356514,11.654828, 7.073628, 6.865942, 6.896227, 9.263942,11.016035,14.625302,11.614370, 6.931621, 6.799028, 6.793030, 8.984296,10.773072,14.396758,11.678014, 7.217195, 7.099265, 7.103974, 9.534741,11.281413,15.127166,12.485795, 7.550537, 7.491424, 7.423399, 9.510206,11.374339,15.122713,12.282472, 7.504000, 7.324413, 7.266372, 9.636790,11.396554,15.081089,12.219339, 7.294433, 7.000564
 7.128313, 7.638124,10.499831,18.273793,21.246489, 6.703727,11.206411, 9.464038, 9.715117,12.644953,21.481682,24.056303, 7.512699,12.527557,10.542986,10.703637,13.655305,22.976165,25.686732, 8.043611,13.163570,10.974941,11.046158,13.990341,23.279651,25.615220, 7.923777,13.065431,10.850409,10.792436,13.750055,22.980954,25.676599, 8.149486,13.454859,11.195292,11.266283,14.221641,23.840334,26.941706, 8.422695,13.962898,11.541254,11.247016,14.301156,23.816262,26.616839, 8.386228,13.753395,11.374732,11.353501,14.326404,23.784034,26.530608, 8.215117,13.332373
 8.972555, 9.322552,11.424060,17.910120,15.991123, 7.757857, 9.389551, 9.253588, 9.545213,11.596713,18.129953,16.136315, 7.820796, 9.471194, 9.332615, 9.617846,11.667179,18.224098,16.220351, 7.862556, 9.508836, 9.362805, 9.642336,11.688789,18.242519,16.215558, 7.852941, 9.501474, 9.351362, 9.620968,11.667878,18.214369,16.209321, 7.867410, 9.522469, 9.375894, 9.655255,11.701285,18.274640,16.277749, 7.888914, 9.551637, 9.398143, 9.654653,11.706269,18.269773,16.260687, 7.885691, 9.540538, 9.387524, 9.660377,11.707753,18.269110,16.256003, 7.872637, 9.516633
13.934140,11.974638,13.962781,22.651081,23.563935, 8.643007,12.738262,14.385177,12.250871,14.114025,22.829773,23.676672, 8.678833,12.806958,14.468527,12.310272,14.172688,22.899019,23.757580, 8.712585,12.845400,14.502911,12.335654,14.188008,22.912703,23.743263, 8.700029,12.826682,14.477634,12.300627,14.149088,22.844897,23.702673, 8.701817,12.840091,14.498440,12.327743,14.182248,22.926417,23.800714, 8.721132,12.865247,14.515837,12.327723,14.179805,22.901363,23.762444, 8.721203,12.862186,14.513368,12.335896,14.190823,22.923017,23.777384, 8.710606,12.843014
12.640269,12.403405,14.024867,20.205424,18.083365, 9.239522,12.827984,12.398316,12.147241,13.689190,19.748117,17.734868, 9.079579,12.625125,12.221762,11.982321,13.545251,19.547258,17.571115, 9.000762,12.546464,12.159976,11.937979,13.495747,19.508249,17.564012, 9.009083,12.538310,12.157758,11.946346,13.490530,19.475790,17.511571, 8.959353,12.480045,12.102333,11.874876,13.439916,19.427054,17.438789, 8.925870,12.415388,12.044511,11.878650,13.418620,19.396859,17.439610, 8.934854,12.452116,12.079522,11.867503,13.430605,19.432696,17.470957, 8.957082,12.508130
14.163142,14.876200,15.944815,21.164155,19.779820,12.059198,15.638558,14.300484,14.972586,15.997616,21.212418,19.814894,12.079420,15.665965,14.323816,14.996855,16.016440,21.236922,19.835128,12.089653,15.674400,14.331130,15.001684,16.022395,21.241899,19.837403,12.090613,15.677882,14.331387,15.001653,16.024836,21.248126,19.841986,12.098015,15.687126,14.344111,15.017034,16.034472,21.256360,19.851599,12.103753,15.697901,14.352474,15.017087,16.038744,21.260992,19.855363,12.099980,15.690724,14.345240,15.014123,16.032703,21.250485,19.844181,12.096047,15.681020
14.936696,15.629527,18.258126,26.690676,24.165392,15.476295,17.029175,16.023919,16.559453,19.046271,27.685231,24.846501,15.848996,17.458389,16.415830,16.919496,19.379639,28.107813,25.224128,16.087184,17.656925,16.565566,17.041352,19.484123,28.191210,25.203177,16.031059,17.619946,16.515333,16.942085,19.394109,28.082490,25.197803,16.121973,17.734939,16.632570,17.107601,19.548827,28.340749,25.497117,16.242197,17.885407,16.744493,17.101995,19.570177,28.321824,25.416388,16.227425,17.827420,16.692897,17.137769,19.581958,28.322744,25.403191,16.153070,17.702551
 9.670266,10.409932,16.226714,24.592912,18.684426, 9.724930,11.467722,10.830988,11.388829,17.245664,25.892728,19.431302,10.066291,11.889879,11.219076,11.752301,17.678328,26.457393,19.855187,10.287183,12.084822,11.367766,11.874363,17.813764,26.569440,19.833932,10.237103,12.050393,11.317873,11.775450,17.699170,26.427806,19.825449,10.321480,12.164568,11.438664,11.946735,17.902546,26.773084,20.161018,10.434512,12.315862,11.551240,11.941519,17.932597,26.750709,20.075300,10.418493,12.256568,11.497662,11.974104,17.942641,26.743309,20.052602,10.348890,12.131002
14.196776,14.582065,19.605292,28.121150,26.173205,15.702352,15.838568,15.581777,15.672849,20.547671,29.242572,26.947120,16.102664,16.273352,15.998721,16.047959,20.939858,29.726366,27.389799,16.363356,16.472864,16.157355,16.173224,21.060825,29.822814,27.367729,16.304821,16.436716,16.102073,16.069402,20.954008,29.693529,27.350508,16.401080,16.552805,16.233113,16.247525,21.140685,29.997780,27.705572,16.535583,16.707676,16.351607,16.242452,21.166622,29.974226,27.614908,16.515726,16.647926,16.295233,16.273755,21.175080,29.968360,27.590144,16.433594,16.519416
 6.234272, 6.045311, 9.020095,11.516411,12.661111, 5.675952, 6.978403, 6.752028, 6.449821, 9.428002,11.958389,13.023973, 5.824695, 7.166112, 6.928296, 6.601364, 9.599823,12.147539,13.226406, 5.919649, 7.252356, 6.995589, 6.652259, 9.653787,12.185279,13.216472, 5.898202, 7.237379, 6.973516, 6.611478, 9.608713,12.138368,13.213352, 5.934572, 7.287662, 7.027380, 6.681884, 9.688449,12.252695,13.372433, 5.982645, 7.353748, 7.077961, 6.679683, 9.700196,12.245312,13.331222, 5.976086, 7.327856, 7.054026, 6.693586, 9.704702,12.243686,13.321714, 5.946473, 7.273113
 9.751936,10.323937,14.295132,20.250126,16.012728, 7.838503,10.246247, 9.863645,10.427099,14.403277,20.384703,16.093531, 7.873217,10.292824, 9.907626,10.467356,14.447618,20.438391,16.137588, 7.895852,10.314800, 9.924456,10.481612,14.461323,20.448890,16.133697, 7.889732,10.309355, 9.917532,10.468247,14.446086,20.429320,16.130202, 7.897583,10.321767, 9.930440,10.486910,14.468033,20.467789,16.169035, 7.909255,10.337973, 9.942426,10.486425,14.469997,20.462414,16.157220, 7.908163,10.332220, 9.937199,10.490736,14.472855,20.465350,16.157440, 7.900771,10.318790
16.806765,18.648359,29.636961,48.742502,35.892808,19.266602,21.018655,18.440125,20.014488,30.965720,50.539121,36.852547,19.706794,21.549214,18.904290,20.456907,31.516933,51.302361,37.418816,20.010556,21.802872,19.084175,20.612250,31.682833,51.452667,37.376955,19.932550,21.741007,19.008456,20.466330,31.494684,51.167769,37.314116,20.027433,21.875940,19.146149,20.672331,31.762669,51.704940,37.804882,20.186161,22.065523,19.272301,20.667046,31.788573,51.633181,37.661930,20.168940,22.001168,19.219105,20.710709,31.819292,51.665270,37.657344,20.074002,21.846146
16.464448,16.448635,17.272232,24.040687,22.691887,15.289015,16.013953,15.473041,15.656296,16.672387,23.328437,22.172905,14.985484,15.682555,15.166543,15.372549,16.430249,23.025030,21.895384,14.805366,15.540591,15.054661,15.285084,16.354740,22.966286,21.901180,14.839232,15.555416,15.082967,15.344120,16.399360,23.007771,21.886584,14.762463,15.469522,14.989632,15.216070,16.295870,22.857900,21.697863,14.675671,15.359187,14.901944,15.220160,16.273606,22.852132,21.734892,14.691342,15.406929,14.947067,15.199311,16.276643,22.872742,21.762837,14.744843,15.499691
10.535971,10.040948,11.969834,20.881997,20.099817, 5.213931, 9.882378,10.307692, 9.812086,11.684965,20.420629,19.736572, 5.123633, 9.728975,10.160448, 9.682757,11.563812,20.227723,19.559863, 5.074814, 9.664593,10.107150, 9.643687,11.523762,20.190424,19.561547, 5.083657, 9.667891,10.114536, 9.663475,11.536709,20.194470,19.529270, 5.058473, 9.625558,10.071848, 9.607966,11.488966,20.117830,19.423143, 5.036425, 9.576458,10.027501, 9.610890,11.476655,20.105957,19.443339, 5.039994, 9.599871,10.050816, 9.598487,11.478193,20.121870,19.460338, 5.054369, 9.642005
11.690037,10.966256,13.005512,16.280830,22.100307, 7.669548,10.969344,11.123120,10.507456,12.561039,15.786639,21.575374, 7.502012,10.736745,10.902161,10.314330,12.379922,15.577704,21.309148, 7.408780,10.640398,10.823196,10.257222,12.322131,15.537464,21.311400, 7.424847,10.645878,10.837332,10.289129,12.344540,15.547893,21.275367, 7.379112,10.582464,10.768915,10.202181,12.269084,15.456849,21.108777, 7.335337,10.506520,10.703734,10.205787,12.250701,15.446616,21.137390, 7.344001,10.542231,10.739082,10.191574,12.255945,15.466930,21.170216, 7.371981,10.607400
18.102546,20.804900,30.274094,45.882224,26.965848,14.268212,17.315772,16.213224,18.997787,28.252994,43.192481,25.708935,13.683967,16.596105,15.571853,18.315285,27.450232,42.081793,25.064366,13.350560,16.294802,15.341941,18.108476,27.199444,41.867701,25.077026,13.412487,16.323083,15.395180,18.241988,27.334562,41.994493,25.027327,13.264635,16.136503,15.203006,17.938803,26.996662,41.464053,24.599716,13.107020,15.905545,15.022557,17.949741,26.923541,41.437155,24.683287,13.135028,16.007312,15.116259,17.898791,26.934320,41.515519,24.748148,13.234238,16.204078
12.061870,11.718744,15.282356,16.623268, 8.489863, 7.266171,14.252219,14.993716,13.964571,17.257282,18.463580, 9.223187, 7.798437,15.300594,16.061432,14.852239,18.135120,19.285716, 9.652449, 8.156462,15.804768,16.483673,15.162804,18.413957,19.450950, 9.627637, 8.070616,15.705574,16.334468,14.902468,18.159632,19.217642, 9.611836, 8.202665,15.993702,16.664916,15.322775,18.577704,19.740895, 9.964218, 8.388487,16.384261,16.982488,15.309504,18.634076,19.697190, 9.867827, 8.365758,16.236690,16.837896,15.400190,18.668637,19.704443, 9.854205, 8.252063,15.915801
11.282881,10.690395,12.721844,15.692842,10.180042, 7.279202,10.730844,10.571163,10.097714,12.130299,15.038600, 9.830385, 7.059005,10.418291,10.282481, 9.842683,11.889212,14.764635, 9.654795, 6.937099,10.288565,10.178980, 9.766609,11.811890,14.711466, 9.656224, 6.958190,10.296086,10.197274, 9.809098,11.842620,14.726534, 9.632998, 6.899144,10.212206,10.109972, 9.696234,11.743995,14.608539, 9.523549, 6.842546,10.111545,10.025559, 9.700937,11.719789,14.595235, 9.542968, 6.853196,10.158493,10.070764, 9.681302,11.725459,14.619702, 9.562860, 6.889276,10.244520
11.885785,13.309260,18.280861,29.542841,22.987376,12.301209,12.286473,14.150400,15.428194,20.522255,32.718885,24.897742,13.185573,13.192885,15.134245,16.386082,21.529351,34.142906,25.964506,13.743789,13.614269,15.516268,16.707261,21.857860,34.428003,25.922029,13.621541,13.553908,15.411306,16.475984,21.635583,34.172584,25.976508,13.862748,13.813902,15.719361,16.925728,22.096219,34.963231,26.777651,14.144074,14.145703,16.023469,16.907370,22.175804,34.949301,26.577883,14.104516,14.006739,15.874945,17.004346,22.194319,34.906223,26.513833,13.928055,13.730126
 8.658122, 9.029607,10.673793,15.563168,17.426636, 6.996957, 9.815237,10.460413,10.521828,11.900863,17.072382,18.681897, 7.451960,10.465850,11.126566,11.119481,12.441153,17.743489,19.403594, 7.750473,10.772680,11.386461,11.323842,12.612995,17.877419,19.366351, 7.681427,10.717877,11.300471,11.159571,12.469337,17.710813,19.358579, 7.797375,10.898199,11.508415,11.442466,12.723935,18.120369,19.933208, 7.950914,11.137684,11.707505,11.433087,12.761658,18.094696,19.782919, 7.930406,11.043727,11.613831,11.491474,12.777116,18.088881,19.749061, 7.835666,10.845542
 8.327327,10.442226,10.999380,17.983237,17.942857, 7.920056, 9.813166, 8.635939,10.712124,11.152258,18.170177,18.071452, 7.971102, 9.886602, 8.702222,10.783487,11.212398,18.251927,18.153642, 8.008541, 9.921046, 8.727475,10.807641,11.229586,18.266996,18.147042, 7.999101, 9.912122, 8.715143,10.782823,11.207660,18.233870,18.132508, 8.009692, 9.930302, 8.736698,10.818265,11.238459,18.294461,18.205557, 8.030049, 9.957793, 8.754720,10.818071,11.242220,18.286888,18.187464, 8.026707, 9.948192, 8.746300,10.822542,11.243410,18.286936,18.181846, 8.014580, 9.925612
22.477800,21.766622,25.166694,31.679649,31.851916,23.689849,23.515380,23.219541,22.373341,25.720701,32.295984,32.336610,23.997638,23.825041,23.508442,22.627259,25.951540,32.560851,32.591677,24.177141,23.958175,23.614550,22.705705,26.025857,32.613138,32.586431,24.143740,23.946686,23.591026,22.656206,25.988468,32.586235,32.610745,24.228445,24.034344,23.684514,22.775633,26.091396,32.718308,32.786266,24.316518,24.141153,23.771608,22.771334,26.113241,32.724193,32.751202,24.299637,24.092245,23.724606,22.790139,26.108689,32.703112,32.722938,24.243370,24.001721
16.823578,17.460889,18.674930,24.537846,22.468826,12.697514,17.412532,16.868116,17.465482,18.615541,24.450018,22.390784,12.657881,17.369133,16.834321,17.429369,18.587283,24.408607,22.360123,12.643615,17.355844,16.823872,17.422695,18.576136,24.400566,22.354780,12.642232,17.347499,16.816099,17.413915,18.562407,24.373779,22.329398,12.626630,17.332772,16.804163,17.398747,18.556178,24.379830,22.329641,12.622189,17.320023,16.790454,17.400308,18.549043,24.364990,22.321834,12.624953,17.330631,16.800697,17.398724,18.555808,24.380564,22.334013,12.628636,17.342729
18.199639,17.040613,18.502619,26.574120,26.317612,13.208834,17.845681,17.076127,16.112699,17.655341,25.483083,25.461854,12.831802,17.341297,16.620330,15.718494,17.309914,25.031850,25.029155,12.618464,17.127635,16.455341,15.597434,17.199935,24.944277,25.037951,12.659099,17.147253,16.490458,15.672652,17.255444,24.989755,24.994168,12.561308,17.013717,16.356303,15.499623,17.111748,24.779406,24.709606,12.461409,16.851389,16.225674,15.506872,17.080747,24.767163,24.768825,12.477696,16.923547,16.292623,15.473183,17.082598,24.795731,24.806738,12.541004,17.061557
18.679486,16.622448,21.539845,30.639799,29.349756,12.756489,16.868874,18.679270,16.551040,21.331980,30.332961,29.091135,12.656848,16.752753,18.567248,16.455841,21.238103,30.198828,28.975824,12.610257,16.708333,18.528351,16.430802,21.204556,30.173414,28.970640,12.615275,16.702228,18.523681,16.432066,21.195641,30.141431,28.922730,12.582425,16.667094,18.489306,16.391823,21.164557,30.116884,28.877518,12.563560,16.630621,18.450864,16.394627,21.149652,30.092635,28.876156,12.568428,16.652613,18.474433,16.386598,21.157896,30.118479,28.898786,12.581850,16.685096
11.675259,10.612088,13.073246,16.116800,13.689374, 6.025761,12.135813,10.542625, 9.726444,12.205401,15.169102,13.047317, 5.764479,11.639026,10.130559, 9.375222,11.858263,14.777632,12.721781, 5.617279,11.431807, 9.982980, 9.269304,11.748884,14.702178,12.727245, 5.644207,11.449147,10.014551, 9.334812,11.802897,14.739420,12.696001, 5.576973,11.319165, 9.891412, 9.179570,11.658472,14.558727,12.484436, 5.507984,11.160275, 9.774361, 9.185538,11.626040,14.546306,12.524993, 5.520312,11.231530, 9.835613, 9.158669,11.631358,14.575682,12.558413, 5.563993,11.367171
13.877948,16.439684,16.389776,23.542226,28.295035,11.516144,14.797535,14.153835,16.643734,16.441975,23.572404,28.290120,11.513152,14.810660,14.174499,16.659516,16.458409,23.580299,28.311005,11.525414,14.824066,14.185018,16.671614,16.460358,23.582195,28.298907,11.517229,14.809260,14.168278,16.643170,16.430102,23.530268,28.251865,11.508209,14.807961,14.172376,16.652122,16.445494,23.575638,28.308961,11.517795,14.814910,14.172864,16.653325,16.440243,23.553615,28.281570,11.519073,14.819146,14.177170,16.656434,16.449562,23.573447,28.298542,11.514661,14.815236
14.863431,15.076713,18.447074,24.798375,23.395952,14.724384,14.245163,13.691494,14.055086,17.437778,23.591614,22.496166,14.232058,13.759963,13.249830,13.640971,17.030022,23.091737,22.037811,13.952152,13.555254,13.090356,13.514406,16.901042,22.995106,22.046932,14.004827,13.574086,13.125578,13.594305,16.967920,23.048046,22.005467,13.878361,13.446912,12.994588,13.411657,16.797859,22.813669,21.703493,13.746866,13.290619,12.868643,13.418731,16.760543,22.799955,21.764092,13.769233,13.359949,12.933664,13.385328,16.764421,22.833566,21.807222,13.852318,13.492829
11.561628,12.081378,15.203272,20.980341,18.234386,10.558195,11.812591,11.037190,11.619922,14.746059,20.424422,17.852578,10.363747,11.593076,10.842205,11.432918,14.558754,20.190318,17.655441,10.251957,11.499524,10.771306,11.375514,14.499379,20.144944,17.659145,10.273063,11.508159,10.786794,11.411465,14.529721,20.169136,17.640406,10.222300,11.449938,10.728650,11.328580,14.451288,20.059405,17.510478,10.169471,11.378083,10.672291,11.331949,14.434230,20.052925,17.536903,10.178427,11.409941,10.701211,11.316381,14.435766,20.068700,17.555239,10.211528,11.470791
22.014797,22.348518,24.854018,32.883525,18.987289,15.729347,23.452410,22.656549,22.805300,25.073074,33.087920,19.052164,15.771653,23.547873,22.762490,22.888453,25.153619,33.159749,19.104834,15.820922,23.605877,22.806782,22.927841,25.172076,33.173226,19.090723,15.798481,23.568489,22.764883,22.862546,25.100598,33.066330,19.051582,15.795347,23.586123,22.791269,22.903233,25.154576,33.185683,19.130210,15.825977,23.622677,22.809767,22.903709,25.145835,33.141557,19.096746,15.827274,23.622620,22.811022,22.916735,25.167468,33.179095,19.111872,15.810124,23.594608
13.031474,14.562632,19.437261,27.809825,26.461633, 7.814179,14.313618,13.377361,14.815349,19.576434,27.938794,26.537167, 7.835432,14.363805,13.426685,14.864153,19.628441,27.998599,26.595598, 7.853527,14.387471,13.445877,14.880866,19.642690,28.010719,26.591806, 7.849659,14.381228,13.434881,14.861828,19.620425,27.978310,26.570914, 7.852803,14.392566,13.453218,14.888450,19.649015,28.029698,26.627840, 7.863448,14.412619,13.466066,14.889001,19.652575,28.021762,26.615712, 7.861032,14.406093,13.459579,14.889237,19.651816,28.020811,26.608836, 7.855048,14.390065
 6.709223, 6.260025, 6.986858, 9.594774, 8.051482, 6.323873, 7.256215, 5.985749, 5.683187, 6.477253, 8.989491, 7.642633, 6.042037, 6.933587, 5.728383, 5.456734, 6.274177, 8.738971, 7.436052, 5.884535, 6.800000, 5.636640, 5.389166, 6.210188, 8.690644, 7.438574, 5.912421, 6.809752, 5.655122, 5.429494, 6.239511, 8.710841, 7.416609, 5.839366, 6.725271, 5.577926, 5.329515, 6.155680, 8.598217, 7.284923, 5.765864, 6.622474, 5.504678, 5.333419, 6.136263, 8.588797, 7.309144, 5.779519, 6.669180, 5.543394, 5.316589, 6.140310, 8.609344, 7.331638, 5.825932, 6.756950
22.424041,18.800912,32.815224,45.207040,39.223101,12.863755,20.221050,20.859435,17.669286,31.273781,43.314835,37.940633,12.490312,19.633353,20.282716,17.222970,30.649498,42.537805,37.276947,12.271110,19.378782,20.071801,17.081823,30.453982,42.387522,37.299622,12.316727,19.412198,20.127675,17.181297,30.581477,42.514258,37.265646,12.224466,19.260173,19.960814,16.985208,30.314528,42.114067,36.799740,12.119963,19.069573,19.799634,16.992714,30.265010,42.113312,36.907906,12.135011,19.149128,19.878438,16.952675,30.258275,42.142240,36.951652,12.200442,19.310001
 7.827173, 9.343794,11.676158,19.597884,19.694731,10.993264,10.576640,10.114696,11.437697,13.462114,22.097785,21.578698,11.907647,11.504389,10.970146,12.297948,14.264398,23.242958,22.672607,12.504222,11.939698,11.305105,12.587950,14.523254,23.474028,22.629119,12.375175,11.874118,11.204518,12.369293,14.332787,23.237688,22.647768,12.620880,12.139400,11.482554,12.785036,14.710300,23.905162,23.493243,12.929107,12.488789,11.747760,12.770609,14.773763,23.882983,23.287381,12.881502,12.344961,11.617234,12.849288,14.784084,23.844973,23.211103,12.691136,12.055319
15.221050,16.364818,19.460130,27.348110,29.189114, 9.299680,15.805232,15.530819,16.594903,19.592374,27.482015,29.283543, 9.327051,15.860051,15.586259,16.646800,19.641883,27.538709,29.346064, 9.347925,15.885791,15.607354,16.664729,19.655722,27.550108,29.340864, 9.342807,15.878612,15.596018,16.644968,19.635270,27.521169,29.324156, 9.347742,15.892237,15.615392,16.672300,19.662821,27.570389,29.385473, 9.359702,15.912940,15.629632,16.672382,19.665011,27.561592,29.369270, 9.357570,15.906165,15.622882,16.674461,19.666107,27.563070,29.365457, 9.350534,15.889350
13.215049,13.203658,15.757913,22.249649,22.279233, 6.501804,13.817676,12.974477,12.979960,15.502207,21.919770,22.006610, 6.426726,13.674815,12.851464,12.864305,15.395686,21.776176,21.874482, 6.388271,13.618890,12.808697,12.832879,15.360338,21.748586,21.871135, 6.393105,13.615921,12.810361,12.842759,15.361331,21.733899,21.836096, 6.370121,13.574343,12.770063,12.790187,15.319673,21.687917,21.768257, 6.352797,13.527813,12.730954,12.792766,15.305631,21.671459,21.773041, 6.357334,13.553023,12.754403,12.785648,15.313669,21.695261,21.797779, 6.368825,13.593717
 4.484286, 5.232646, 6.577635,10.812828, 8.194182, 4.126316, 6.702520, 6.196756, 6.966722, 8.412155,13.446622, 9.777688, 4.857514, 7.805752, 7.164605, 7.929912, 9.321216,14.718114,10.696528, 5.333519, 8.343208, 7.559510, 8.265587, 9.634448,14.979868,10.665582, 5.230059, 8.275750, 7.464940, 8.041352, 9.449048,14.794110,10.747697, 5.449872, 8.615745, 7.776424, 8.502307, 9.862169,15.465886,11.430912, 5.692043, 9.051738, 8.105114, 8.479817, 9.942743,15.478113,11.260105, 5.659312, 8.862042, 7.943057, 8.593034, 9.961256,15.433000,11.206965, 5.506383, 8.501960
18.303421,20.717481,30.882414,47.884763,36.871855,17.498913,21.869217,17.221815,19.649562,29.552531,46.029671,35.729669,17.025402,21.280324,16.781058,19.191330,29.009528,45.255309,35.152558,16.759868,21.033317,16.622180,19.052730,28.835981,45.105599,35.161094,16.808208,21.051872,16.653414,19.134789,28.914269,45.165238,35.093954,16.682848,20.894601,16.521348,18.932201,28.689874,44.818303,34.724288,16.558861,20.704218,16.393259,18.940511,28.637519,44.787913,34.794597,16.580875,20.791153,16.460654,18.903648,28.646227,44.848703,34.854185,16.659850,20.953581
17.453591,16.709800,17.827575,23.531775,23.914435,17.040603,19.091890,15.940558,15.453235,16.712890,22.217214,22.851987,16.385753,18.357060,15.358693,14.932774,16.263940,21.671418,22.318769,16.022401,18.052481,15.150548,14.777292,16.121004,21.565886,22.324036,16.085989,18.072281,15.189636,14.866843,16.182113,21.602786,22.260499,15.914332,17.879002,15.016146,14.638575,15.999445,21.365301,21.926351,15.746189,17.644807,14.848653,14.647700,15.955140,21.340890,21.986569,15.777236,17.752544,14.937494,14.607841,15.964450,21.386863,22.044629,15.883760,17.952205
 9.670266,10.409932,16.226714,24.592912,18.684426, 9.724930,11.467722,10.830988,11.388829,17.245664,25.892728,19.431302,10.066291,11.889879,11.219076,11.752301,17.678328,26.457393,19.855187,10.287183,12.084822,11.367766,11.874363,17.813764,26.569440,19.833932,10.237103,12.050393,11.317873,11.775450,17.699170,26.427806,19.825449,10.321480,12.164568,11.438664,11.946735,17.902546,26.773084,20.161018,10.434512,12.315862,11.551240,11.941519,17.932597,26.750709,20.075300,10.418493,12.256568,11.497662,11.974104,17.942641,26.743309,20.052602,10.348890,12.131002
