29.164085,37.086917,45.535284,63.409990,47.675641,29.201504,29.601236,26.356324,34.177507,43.015923,60.812910,45.947337,28.137730,28.461019,25.340091,32.977132,41.760475,59.269798,44.828416,27.448520,27.877700,24.927005,32.609711,41.343475,58.925066,44.819631,27.516543,27.989889,25.062358,32.881307,41.675305,59.276010,44.826119,27.346150,27.661924,24.760632,32.324916,41.197934,58.532399,44.122694,26.971354,27.295001,24.487485,32.274438,41.026503,58.496585,44.220632,27.041808,27.509826,24.635693,32.327931,41.078114,58.489708,44.376861,27.339512,27.836539
15.528089,17.252855,19.762556,27.455823,24.178070,13.289463,14.892119,14.970435,16.633751,19.219695,26.878051,23.714521,13.032110,14.598535,14.677166,16.333374,18.938249,26.532596,23.421722,12.869870,14.445605,14.559372,16.244477,18.837819,26.449678,23.412057,12.879045,14.466092,14.585788,16.294908,18.891600,26.492522,23.386775,12.832724,14.376851,14.498683,16.157124,18.792309,26.351508,23.222973,12.744579,14.289579,14.422165,16.151680,18.757234,26.339577,23.243662,12.766797,14.344380,14.465436,16.161708,18.763528,26.338776,23.288972,12.835351,14.427826
14.160404,20.812987,31.520347,42.484198,29.485146,14.566972,15.687965,14.961488,21.863025,32.663907,43.636184,30.203466,14.928354,16.092129,15.346106,22.368419,33.277322,44.353960,30.685093,15.169900,16.310449,15.507277,22.525302,33.494850,44.521040,30.693799,15.150319,16.273087,15.461538,22.422447,33.354580,44.402038,30.719997,15.218653,16.403332,15.585109,22.671600,33.591413,44.733071,31.015695,15.355805,16.536999,15.692255,22.682422,33.667968,44.749421,30.973669,15.322639,16.454534,15.631540,22.662684,33.650648,44.751563,30.896514,15.215426,16.329495
16.283893,18.101956,25.484308,37.373383,28.378416,16.588190,17.007072,15.893701,17.616657,24.924027,36.729819,27.919962,16.321417,16.733657,15.637645,17.352546,24.633100,36.346095,27.641177,16.162676,16.592795,15.539878,17.279909,24.522050,36.244439,27.619379,16.159776,16.599158,15.546316,17.301033,24.543693,36.236943,27.562886,16.106314,16.510942,15.469159,17.180984,24.449204,36.115972,27.431120,16.019964,16.443222,15.410480,17.186136,24.424102,36.103834,27.449342,16.050952,16.490826,15.446105,17.191939,24.422891,36.102907,27.495365,16.114534,16.565351
14.983937,15.369765,24.031533,39.843224,27.919302,15.787128,14.797238,15.073248,15.350842,23.947862,39.704426,27.815421,15.732468,14.753693,15.029677,15.306099,23.901554,39.628032,27.763974,15.707124,14.731144,15.016278,15.297999,23.877428,39.601743,27.752179,15.698946,14.724002,15.004805,15.285388,23.854039,39.547861,27.710489,15.682846,14.706176,14.992109,15.267209,23.847923,39.559479,27.710162,15.670095,14.705014,14.986757,15.275317,23.850385,39.553469,27.708195,15.681592,14.710617,14.992332,15.273378,23.844178,39.555517,27.722252,15.689427,14.720311
12.083860,15.135670,16.841296,26.812112,28.672016, 6.998040,13.924821,13.024986,16.017098,17.489588,27.527210,29.331601, 7.177984,14.289653,13.369753,16.395229,17.832556,27.987094,29.795408, 7.301955,14.484221,13.514959,16.516047,17.948273,28.091660,29.801119, 7.290233,14.444865,13.464430,16.424445,17.853637,27.978394,29.786753, 7.321362,14.559828,13.579050,16.617084,17.996641,28.220145,30.104870, 7.393588,14.687319,13.673992,16.630592,18.037778,28.220074,30.048883, 7.377709,14.612533,13.621803,16.611727,18.025157,28.225884,29.985148, 7.321983,14.497199
22.162229,21.353863,22.636647,31.527712,31.065106,15.051612,20.570169,19.780827,19.321606,21.045177,29.853385,29.587366,14.323890,19.553881,18.806522,18.440038,20.252552,28.874835,28.661566,13.867604,19.038266,18.417952,18.177325,19.982310,28.647439,28.641303,13.902094,19.119785,18.523320,18.348292,20.162358,28.822988,28.608303,13.783340,18.829807,18.243983,17.953468,19.879512,28.395321,28.067162,13.539851,18.522145,17.988957,17.922699,19.771974,28.362180,28.135296,13.590619,18.706825,18.128355,17.957067,19.798436,28.359188,28.267136,13.782760,18.987407
 9.731953,14.330223,15.489112,25.051767,24.702635, 7.148199,10.801852, 9.569974,14.070313,15.251993,24.755691,24.431358, 7.065075,10.682339, 9.463103,13.927867,15.132249,24.582055,24.267893, 7.016302,10.620583, 9.423202,13.890321,15.085430,24.536310,24.253643, 7.014529,10.622480, 9.423933,13.896758,15.086967,24.516994,24.207173, 6.995706,10.580423, 9.389127,13.828290,15.046431,24.466430,24.134774, 6.968574,10.553644, 9.366829,13.836176,15.041289,24.464175,24.146549, 6.980237,10.574264, 9.381676,13.838447,15.039060,24.464926,24.177633, 6.999806,10.607544
 9.384680, 9.345630,10.477740,13.500018, 8.932908, 6.308620, 8.650127, 8.904325, 8.971809,10.187322,13.230752, 8.771248, 6.190437, 8.484614, 8.734463, 8.814585,10.041264,13.068165, 8.664969, 6.113247, 8.399151, 8.665484, 8.767171, 9.992407,13.031834, 8.663482, 6.120195, 8.415066, 8.687189, 8.800600,10.027854,13.063555, 8.661256, 6.099721, 8.364785, 8.634073, 8.725176, 9.970686,12.985692, 8.594660, 6.056830, 8.312043, 8.589450, 8.720906, 9.953344,12.983591, 8.604813, 6.066332, 8.343697, 8.614435, 8.727775, 9.958671,12.983254, 8.620812, 6.100102, 8.392641
17.311778,18.280543,21.541858,32.864005,28.889054,19.428402,18.531601,16.810682,17.789526,21.108494,32.364275,28.491610,19.162114,18.268961,16.572298,17.556046,20.883952,32.063837,28.238294,18.992853,18.132155,16.476216,17.486964,20.804853,31.992634,28.230672,19.003413,18.151637,16.499229,17.527729,20.849634,32.033333,28.211363,18.955632,18.071633,16.427698,17.419941,20.768904,31.907257,28.066903,18.863272,17.992308,16.365169,17.415326,20.740970,31.897737,28.085664,18.886006,18.041743,16.400501,17.423604,20.746770,31.897365,28.125082,18.958210,18.117242
18.419383,18.285972,23.363001,37.757641,29.848794,17.673116,17.345576,17.140388,17.194564,22.364571,36.565090,29.006459,17.168974,16.825876,16.628033,16.721791,21.861752,35.853177,28.463255,16.844602,16.558021,16.420900,16.579043,21.690451,35.690736,28.453959,16.871641,16.604501,16.481694,16.675795,21.808705,35.822234,28.436942,16.785669,16.449611,16.326624,16.454221,21.619245,35.495161,28.106912,16.608003,16.287407,16.191962,16.440593,21.556385,35.479895,28.153895,16.647117,16.385249,16.266847,16.459808,21.573062,35.477240,28.233794,16.786588,16.535043
 9.584690, 9.935116,12.689841,17.872822,16.192121, 9.116223,11.408805, 9.847439,10.126617,12.859972,18.036850,16.325643, 9.196245,11.513002, 9.940933,10.214299,12.945676,18.141795,16.413805, 9.244318,11.565424, 9.974994,10.237341,12.977206,18.169913,16.424044, 9.248068,11.564229, 9.973429,10.232825,12.975642,18.176755,16.442324, 9.266204,11.601978,10.007275,10.278749,13.008694,18.214090,16.489169, 9.295373,11.625372,10.024141,10.273160,13.008701,18.210337,16.476658, 9.281095,11.607938,10.012788,10.270829,13.011143,18.211770,16.462014, 9.261432,11.577164
15.713813,14.092946,19.369725,28.542698,25.337195,12.467544,13.748325,14.843017,13.365106,18.632322,27.725601,24.681769,12.137743,13.374396,14.442665,13.029994,18.256476,27.237763,24.265582,11.929757,13.181389,14.282726,12.930551,18.124180,27.121292,24.251972,11.941777,13.208388,14.320671,12.988820,18.198393,27.188009,24.222311,11.883338,13.095248,14.200458,12.833540,18.062812,26.982214,23.983654,11.769749,12.984016,14.097700,12.827140,18.017885,26.968992,24.016624,11.798236,13.053177,14.155614,12.839094,18.026717,26.966954,24.079041,11.886076,13.159264
13.456864,14.482624,18.450221,24.896614,21.569182,11.567846,15.555698,13.202364,14.159894,18.111730,24.539328,21.280951,11.412436,15.350640,13.027318,13.985103,17.937802,24.328030,21.104806,11.318285,15.243784,12.959701,13.936910,17.871867,24.274795,21.094015,11.319054,15.251971,12.966938,13.953580,17.887108,24.270587,21.056914,11.286798,15.183767,12.912357,13.871687,17.827275,24.199928,20.971606,11.235248,15.131897,12.872116,13.876595,17.814122,24.195453,20.983902,11.253495,15.168703,12.897334,13.880410,17.814042,24.195897,21.015165,11.292021,15.226275
13.089032,16.137104,23.052601,34.783346,23.320038,11.788637,14.805312,12.425155,15.484350,22.413894,34.081398,22.902628,11.570596,14.518853,12.182643,15.211406,22.088889,33.656749,22.626076,11.425903,14.369835,12.082142,15.126323,21.981161,33.563196,22.625649,11.441678,14.400593,12.117273,15.192082,22.072323,33.667588,22.630899,11.406191,14.316627,12.043521,15.062806,21.945593,33.455101,22.451779,11.326384,14.220183,11.976004,15.050287,21.899737,33.445527,22.476791,11.340791,14.276211,12.012537,15.063033,21.914096,33.443875,22.516186,11.404585,14.361116
14.240027,19.176141,34.424370,44.384737,26.899814, 9.777019,17.050239,13.677383,18.452593,33.449467,43.418872,26.361983, 9.573668,16.700619,13.394506,18.104727,32.947061,42.842250,26.022904, 9.445945,16.519167,13.281438,18.002414,32.767878,42.703290,26.010815, 9.452684,16.542793,13.306100,18.059201,32.860715,42.770665,25.979826, 9.415912,16.436105,13.221684,17.899371,32.682948,42.536729,25.791042, 9.346468,16.333310,13.148809,17.893947,32.622497,42.518264,25.815581, 9.364352,16.398159,13.190234,17.905599,32.633465,42.517053,25.868110, 9.418170,16.497243
10.761925,11.798940,16.918652,24.896739,26.277707, 8.856552,14.528916,13.968518,14.443595,19.340373,27.378339,28.526379, 9.671988,15.920786,15.309564,15.696664,20.720967,29.043016,30.177807,10.269262,16.705106,15.911682,16.119346,21.195279,29.417772,30.169083,10.195794,16.524711,15.678883,15.770677,20.754100,28.935558,30.082264,10.340347,16.979383,16.136339,16.424516,21.346288,29.860514,31.262554,10.694434,17.534185,16.559368,16.492421,21.551711,29.881031,31.076809,10.631606,17.213725,16.329979,16.423087,21.481650,29.895548,30.837956,10.350647,16.738733
15.346048,15.918123,25.697856,37.074102,26.072177,11.800418,16.689572,15.228485,15.718416,25.400672,36.723880,25.834408,11.692891,16.545873,15.097199,15.590160,25.245611,36.518597,25.695741,11.631957,16.471573,15.049038,15.557502,25.182163,36.460975,25.680515,11.627299,16.469633,15.044766,15.557563,25.175614,36.425476,25.633526,11.602842,16.419627,15.004378,15.499331,25.129509,36.379818,25.581021,11.569817,16.390617,14.977493,15.507098,25.121813,36.372821,25.587854,11.585176,16.414509,14.995543,15.508150,25.117154,36.373722,25.614379,11.608645,16.452714
13.800497,14.984203,28.868189,42.945061,27.306642,12.602859,16.612841,16.346092,16.843931,31.008937,45.106126,28.469336,13.171990,17.435126,17.157660,17.594421,32.164239,46.521036,29.330763,13.592296,17.883183,17.520248,17.851605,32.529036,46.813001,29.305472,13.524773,17.756087,17.348016,17.602260,32.086051,46.262850,29.182111,13.610864,18.003184,17.617294,17.988794,32.598853,47.137772,29.846899,13.856213,18.341484,17.874049,18.048267,32.785302,47.145402,29.740107,13.826764,18.157299,17.740624,17.999520,32.708246,47.159442,29.628982,13.627440,17.882431
14.657250,14.746714,17.983721,22.720012,21.496216,12.665185,15.400240,14.072632,14.215984,17.515772,22.275551,21.121128,12.441118,15.119523,13.816452,13.977441,17.274739,22.008812,20.878072,12.294754,14.972593,13.710697,13.904037,17.192253,21.948437,20.876041,12.308912,14.999718,13.743446,13.956229,17.253690,22.003163,20.871007,12.271199,14.916705,13.667091,13.845394,17.163479,21.878950,20.722203,12.191422,14.825223,13.596059,13.836214,17.129442,21.870642,20.741156,12.206955,14.879779,13.635048,13.846107,17.138790,21.870056,20.777168,12.270575,14.961712
 4.074243, 5.137089, 7.443533,12.029593,10.692908, 6.635472, 7.000143, 6.598265, 7.385639, 9.492656,14.278436,12.443134, 7.771826, 8.270862, 7.803532, 8.596168,10.736434,15.849769,13.759016, 8.621928, 9.017059, 8.358193, 9.006485,11.189777,16.228575,13.773518, 8.537329, 8.869423, 8.174456, 8.707128,10.841099,15.866969,13.779808, 8.766988, 9.324085, 8.608863, 9.362360,11.377099,16.697412,14.691918, 9.286925, 9.844707, 9.005264, 9.410904,11.555744,16.722762,14.549826, 9.177013, 9.531637, 8.783706, 9.346576,11.499910,16.731519,14.339583, 8.769944, 9.073664
14.416069,13.213160,20.887293,25.344048,22.433671,12.407312,14.452741,14.007095,12.818345,20.406986,24.890365,22.065229,12.202107,14.212370,13.775253,12.619474,20.157227,24.620206,21.835109,12.074188,14.087000,13.682797,12.561577,20.066592,24.554244,21.825861,12.079881,14.101688,13.700570,12.591204,20.108168,24.578462,21.798839,12.041720,14.027428,13.631689,12.500401,20.021877,24.474291,21.675397,11.972430,13.958263,13.572151,12.498461,19.992196,24.464386,21.690449,11.991210,14.002793,13.606400,12.504502,19.996659,24.464296,21.727403,12.044845,14.070672
 6.341257, 8.352978,10.381563,15.692215,13.364186, 4.581213, 7.336189, 6.489808, 8.475451,10.460774,15.769297,13.415199, 4.602221, 7.374289, 6.523649, 8.512733,10.504972,15.820919,13.458138, 4.620300, 7.395209, 6.540959, 8.528922,10.516000,15.829035,13.451768, 4.614357, 7.384691, 6.527164, 8.504515,10.483734,15.780394,13.425992, 4.614654, 7.391532, 6.535844, 8.521629,10.503680,15.826090,13.470319, 4.624645, 7.413769, 6.551013, 8.532141,10.518674,15.829807,13.465678, 4.626982, 7.404141, 6.544825, 8.528048,10.512438,15.831142,13.463696, 4.617736, 7.391158
21.243643,22.216039,28.971608,41.374861,36.162424,17.850092,23.528522,20.976073,21.737503,28.400543,40.704484,35.601759,17.577155,23.182520,20.667895,21.435210,28.096068,40.308020,35.271699,17.419816,23.003518,20.552040,21.354898,27.974761,40.198357,35.240287,17.412007,23.003365,20.549175,21.366451,27.981239,40.163896,35.152980,17.355493,22.891332,20.460245,21.234859,27.892985,40.063942,35.017254,17.271774,22.813058,20.390835,21.243802,27.865964,40.044026,35.031351,17.304941,22.871585,20.433739,21.247819,27.861009,40.044172,35.088724,17.366166,22.962745
17.125575,17.651077,22.243392,31.903961,24.980894,16.249639,17.662631,15.670622,16.383455,21.112330,30.703451,24.143370,15.699410,17.035443,15.112753,15.848671,20.544579,29.989502,23.601907,15.342691,16.712818,14.885304,15.684834,20.354350,29.829527,23.597548,15.377593,16.774086,14.958547,15.804463,20.502449,29.986519,23.596083,15.288153,16.592366,14.792820,15.556435,20.287715,29.646252,23.258692,15.094160,16.390501,14.642003,15.534762,20.209808,29.628214,23.304609,15.131226,16.509381,14.724146,15.557982,20.232475,29.625419,23.381528,15.285397,16.689680
16.406704,16.578468,18.078363,23.839451,28.523234,13.301354,17.518352,15.521580,15.794532,17.462642,23.232084,27.883109,12.995906,17.104189,15.154558,15.450630,17.147045,22.868683,27.468063,12.796552,16.888557,15.003159,15.344494,17.040277,22.786904,27.465322,12.816455,16.929283,15.051515,15.421857,17.123416,22.867013,27.462688,12.766235,16.808865,14.943198,15.263100,17.005702,22.695443,27.205832,12.657909,16.672880,14.840757,15.247938,16.959439,22.683213,27.237883,12.677930,16.752927,14.896266,15.262629,16.972264,22.682362,27.298260,12.764717,16.873226
 5.000671, 5.162446, 6.107933, 8.998713, 9.374289, 6.306604, 5.464231, 4.885711, 5.029705, 5.984199, 8.861294, 9.243329, 6.216971, 5.384125, 4.813230, 4.960492, 5.919723, 8.779399, 9.161985, 6.161650, 5.342257, 4.784617, 4.940659, 5.895859, 8.759059, 9.157967, 6.163238, 5.346420, 4.789135, 4.949547, 5.904706, 8.763161, 9.145732, 6.145809, 5.320974, 4.767230, 4.917627, 5.882631, 8.733246, 9.103645, 6.115664, 5.298869, 4.749219, 4.917837, 5.875810, 8.730495, 9.108992, 6.124804, 5.313559, 4.759838, 4.919689, 5.876429, 8.730486, 9.122521, 6.147812, 5.336172
 4.819247, 5.603244,10.307815,13.911693,11.466435, 6.059507, 7.566632, 7.295248, 7.796184,12.810947,16.271109,13.180602, 7.026298, 8.821121, 8.507768, 8.964621,14.322733,17.913287,14.465379, 7.749094, 9.555248, 9.065432, 9.362613,14.870118,18.303915,14.473527, 7.672493, 9.404354, 8.873469, 9.062492,14.427159,17.898818,14.460584, 7.861715, 9.843919, 9.303727, 9.688828,15.075841,18.775709,15.357894, 8.300753,10.358285, 9.701795, 9.740997,15.298863,18.803319,15.218829, 8.212098,10.051841, 9.481216, 9.679075,15.229728,18.815749,15.019649, 7.867476, 9.603825
15.500481,17.747488,26.589490,41.394100,31.219694,19.992138,18.337589,15.606517,17.880354,26.748466,41.588776,31.354077,20.076469,18.415282,15.672403,17.949732,26.831705,41.703418,31.439029,20.129214,18.456986,15.698738,17.969656,26.862711,41.730661,31.442401,20.127217,18.452170,15.694318,17.960976,26.852865,41.729696,31.459043,20.146165,18.479048,15.715820,17.995301,26.882175,41.772076,31.502968,20.175846,18.500799,15.732683,17.993685,26.890108,41.776147,31.497910,20.165602,18.485845,15.722372,17.992228,26.890240,41.774924,31.480782,20.142529,18.462424
 8.874943,10.333838,17.884432,28.480236,20.877254, 9.385420,10.658776, 9.347310,10.711096,18.271693,28.897511,21.135037, 9.510521,10.816388, 9.487240,10.852851,18.475278,29.165093,21.324374, 9.602379,10.900733, 9.549523,10.902204,18.537706,29.218877,21.316700, 9.586200,10.875206, 9.517927,10.851380,18.452946,29.100625,21.280803, 9.602955,10.919355, 9.562146,10.922383,18.542078,29.271289,21.430214, 9.655547,10.984642, 9.606910,10.936224,18.578363,29.274613,21.407421, 9.651201,10.950211, 9.584440,10.926680,18.563659,29.278077,21.385422, 9.608005,10.899183
15.162715,20.096859,18.434635,30.012223,21.914810, 9.154555,14.718622,14.264230,19.114169,17.791576,29.245493,21.415621, 8.935571,14.360805,13.918267,18.695107,17.464465,28.784739,21.089064, 8.791921,14.175135,13.775818,18.565718,17.354982,28.682042,21.087246, 8.806590,14.211426,13.822990,18.662056,17.442674,28.787353,21.088403, 8.770708,14.106890,13.719193,18.466064,17.317852,28.564279,20.882223, 8.692065,13.989030,13.623796,18.448114,17.271840,28.552165,20.910047, 8.706802,14.058147,13.675617,18.466708,17.285380,28.550602,20.957017, 8.769567,14.162800
15.892317,16.929576,22.800409,30.205523,27.463982,12.784837,16.349489,15.055702,16.091432,21.949155,29.346513,26.754256,12.447775,15.913480,14.653463,15.694343,21.515364,28.835571,26.309224,12.238124,15.689087,14.494474,15.578785,21.360619,28.711328,26.290885,12.247383,15.716386,14.527043,15.640103,21.435699,28.764789,26.246949,12.186310,15.583193,14.406664,15.457706,21.282438,28.560719,26.001706,12.072329,15.458257,14.305875,15.453186,21.233432,28.546346,26.035285,12.103014,15.537687,14.363549,15.466326,21.241829,28.544876,26.103600,12.190572,15.659962
13.947722,13.985369,23.921113,36.012019,24.748930,11.037747,15.057991,13.885817,13.813095,23.650592,35.669711,24.522697,10.937292,14.928124,13.767560,13.701564,23.503528,35.469257,24.388135,10.876867,14.858958,13.720692,13.670073,23.445638,35.417054,24.380438,10.877596,14.863146,13.724284,13.680472,23.459949,35.414785,24.351379,10.857576,14.822192,13.691271,13.632295,23.416134,35.355688,24.291350,10.825882,14.788065,13.660670,13.632918,23.397573,35.342583,24.295198,10.835665,14.811858,13.678808,13.634766,23.397940,35.343541,24.318923,10.860127,14.847130
27.950969,29.475700,37.324790,61.211270,46.895654,27.098582,29.094172,27.156562,28.713488,36.615490,60.333883,46.291328,26.750134,28.706378,26.795688,28.361301,36.248038,59.804921,45.901532,26.525056,28.503639,26.648266,28.254782,36.120462,59.682195,45.893885,26.542912,28.536835,26.688971,28.324371,36.204421,59.773609,45.876122,26.482318,28.420263,26.580703,28.160821,36.069233,59.538372,45.644518,26.359252,28.297943,26.483130,28.150351,36.020309,59.521915,45.674564,26.386363,28.372322,26.537356,28.164015,36.032172,59.520773,45.733506,26.483447,28.485033
10.673949,14.141809,19.840627,28.787954,19.843678, 6.637544,12.776775,11.343577,14.755974,20.360046,29.303410,20.143416, 6.749492,13.003625,11.546199,14.987859,20.635915,29.634206,20.364751, 6.833111,13.126104,11.638087,15.070110,20.719389,29.698448,20.352564, 6.816642,13.086231,11.588540,14.980809,20.595670,29.539364,20.304758, 6.830745,13.148137,11.651331,15.095684,20.716999,29.756612,20.482745, 6.878214,13.245863,11.718979,15.121498,20.770570,29.762784,20.457222, 6.875905,13.195083,11.685436,15.105252,20.748180,29.766655,20.431843, 6.836188,13.121000
 8.055099, 8.206803,12.431873,14.287413,18.641295, 5.632254, 8.779592, 7.777610, 7.909407,12.092035,13.983590,18.285874, 5.515353, 8.603835, 7.621181, 7.761679,11.914720,13.802666,18.062800, 5.441741, 8.511968, 7.558079, 7.717890,11.851130,13.759179,18.055868, 5.446095, 8.524213, 7.572058, 7.742705,11.885308,13.781563,18.035799, 5.425152, 8.471175, 7.526358, 7.675798,11.823817,13.708819,17.912636, 5.385476, 8.418676, 7.484837, 7.672716,11.800494,13.701433,17.926867, 5.395142, 8.451641, 7.508227, 7.677536,11.804708,13.701249,17.961672, 5.426222, 8.501371
16.184841,15.589285,18.091706,22.990946, 7.041106, 3.084365,15.200470,16.281560,15.595582,18.052519,22.935264, 7.019884, 3.074725,15.170478,16.249517,15.562696,18.029611,22.904686, 7.010630, 3.071280,15.156088,16.242218,15.559169,18.015729,22.891525, 7.006775, 3.068595,15.145496,16.225982,15.541312,17.992524,22.855737, 6.995359, 3.065417,15.132306,16.217404,15.529908,17.993792,22.871307, 6.998757, 3.063829,15.137172,16.216794,15.538543,17.997516,22.867841, 6.997837, 3.066474,15.139246,16.219725,15.536079,17.991921,22.868864, 7.000760, 3.067097,15.144198
24.353972,27.076108,34.294264,46.135465,34.513899,18.921801,25.320033,22.341778,25.134826,32.526368,44.353097,33.322258,18.261577,24.404838,21.534075,24.302488,31.636948,43.295362,32.556386,17.835928,23.933973,21.205658,24.048527,31.336646,43.056427,32.548230,17.875650,24.020197,21.307606,24.229342,31.561889,43.277694,32.538848,17.767545,23.754828,21.069024,23.845334,31.229612,42.783556,32.068603,17.536729,23.463647,20.851640,23.813297,31.107956,42.754650,32.131457,17.582103,23.636244,20.970367,23.848224,31.141585,42.750547,32.240952,17.765191,23.897852
16.027835,16.515036,20.927672,28.432276,26.054303,13.941277,16.142923,15.112199,15.765641,20.297346,27.809761,25.561655,13.670420,15.807860,14.799968,15.469015,19.972925,27.432284,25.227029,13.482959,15.631787,14.664986,15.370832,19.870568,27.354830,25.237685,13.513012,15.678777,14.725404,15.463732,19.990958,27.493995,25.276381,13.475241,15.587998,14.634663,15.325845,19.861647,27.280655,25.039618,13.373128,15.460885,14.537434,15.300147,19.801889,27.266799,25.068002,13.382003,15.529777,14.586933,15.316838,19.823325,27.265235,25.111422,13.467114,15.630874
14.519584,14.517162,18.046757,24.566933,23.457638,13.840911,15.401715,13.974105,13.999660,17.566018,24.070981,23.030015,13.586508,15.111654,13.710664,13.755283,17.318406,23.774112,22.758107,13.424910,14.960684,13.604488,13.682590,17.230963,23.703727,22.750286,13.435255,14.982517,13.630210,13.725851,17.280936,23.744549,22.729964,13.389830,14.894279,13.551185,13.612771,17.191540,23.619292,22.574466,13.301715,14.806715,13.482240,13.607901,17.160980,23.610403,22.594963,13.323201,14.861250,13.521205,13.616585,17.167387,23.609735,22.636734,13.391889,14.944301
13.453731,16.184038,23.603185,33.744645,25.046888,11.561577,14.235440,13.205724,15.753823,23.060366,33.117748,24.604002,11.355655,13.988977,12.977355,15.499789,22.772583,32.745986,24.338608,11.234072,13.861127,12.889909,15.430376,22.661262,32.647255,24.318111,11.231793,13.865876,12.894029,15.448909,22.680869,32.635703,24.260385,11.190548,13.787427,12.827721,15.336885,22.592716,32.526730,24.140892,11.125537,13.727072,12.774125,15.341392,22.564370,32.509485,24.154078,11.148747,13.769932,12.806472,15.345973,22.562585,32.509430,24.199178,11.197242,13.836309
14.137830,15.089286,23.296587,34.463391,28.021417,13.491702,14.542635,13.378841,14.331148,22.414533,33.474049,27.284880,13.130335,14.145069,13.011215,13.967881,21.965590,32.883695,26.825267,12.908787,13.941601,12.868002,13.863673,21.803121,32.735645,26.800110,12.913741,13.961534,12.891901,13.912142,21.868534,32.779799,26.745243,12.846922,13.838642,12.781144,13.745058,21.712487,32.555328,26.499082,12.725921,13.729445,12.692389,13.743851,21.666344,32.540203,26.534867,12.761900,13.800322,12.743751,13.755109,21.671680,32.537336,26.604916,12.853100,13.910601
19.139032,19.452235,21.803996,30.371870,25.848298,12.928799,18.487979,18.599630,18.831189,21.258716,29.776403,25.384469,12.695284,18.155356,18.269377,18.520250,20.971566,29.422841,25.092565,12.545953,17.979797,18.133428,18.425767,20.869241,29.339789,25.087670,12.558075,18.007101,18.168349,18.485563,20.933969,29.396478,25.068597,12.517706,17.908933,18.074047,18.346226,20.834114,29.248273,24.903385,12.437925,17.804456,17.981666,18.335669,20.791274,29.231174,24.920187,12.454359,17.868524,18.032719,18.346422,20.800471,29.231107,24.965119,12.518058,17.963220
14.911441,16.227763,23.312457,28.632165,24.430883,13.160726,15.276301,14.178802,15.539501,22.601014,27.976576,23.928728,12.885014,14.945822,13.871575,15.230284,22.237177,27.582786,23.605829,12.708468,14.774854,13.747410,15.137508,22.111625,27.490804,23.598029,12.721298,14.801866,13.780860,15.196947,22.192311,27.557450,23.583653,12.673725,14.703067,13.688653,15.053543,22.058539,27.382995,23.392000,12.577194,14.600728,13.607446,15.044854,22.011902,27.372042,23.418056,12.599131,14.662956,13.652564,15.056973,22.023117,27.370788,23.465985,12.674792,14.757993
11.194822,11.942264,15.347524,22.152879,23.037537,11.832396,12.570097,12.635768,13.003192,16.184102,22.971762,23.751842,12.220724,13.026812,13.095754,13.428019,16.631105,23.503465,24.274575,12.503527,13.273420,13.299002,13.572455,16.772791,23.614590,24.261509,12.460109,13.205822,13.205122,13.435104,16.605352,23.412771,24.189598,12.518125,13.341231,13.355299,13.651169,16.800602,23.735373,24.587414,12.682047,13.524548,13.498060,13.684028,16.872029,23.738998,24.523594,12.661573,13.424517,13.424001,13.657232,16.843592,23.745053,24.457707,12.529106,13.274887
13.323682,11.568867,21.591918,23.164186,21.052668,10.869197,14.494688,12.751784,11.155379,21.056984,22.737040,20.706565,10.684774,14.242108,12.527697,10.972438,20.783481,22.478420,20.481965,10.566399,14.111762,12.437463,10.917938,20.689954,22.418272,20.475957,10.574634,14.132316,12.461934,10.952777,20.749747,22.461834,20.466571,10.542486,14.056164,12.393581,10.867089,20.647947,22.346073,20.331851,10.477218,13.978124,12.335093,10.862420,20.614324,22.339949,20.351132,10.492674,14.025559,12.367689,10.869729,20.622473,22.339166,20.384768,10.543701,14.098880
29.164085,37.086917,45.535284,63.409990,47.675641,29.201504,29.601236,26.356324,34.177507,43.015923,60.812910,45.947337,28.137730,28.461019,25.340091,32.977132,41.760475,59.269798,44.828416,27.448520,27.877700,24.927005,32.609711,41.343475,58.925066,44.819631,27.516543,27.989889,25.062358,32.881307,41.675305,59.276010,44.826119,27.346150,27.661924,24.760632,32.324916,41.197934,58.532399,44.122694,26.971354,27.295001,24.487485,32.274438,41.026503,58.496585,44.220632,27.041808,27.509826,24.635693,32.327931,41.078114,58.489708,44.376861,27.339512,27.836539
 7.661944, 7.685412,11.872486,21.369804,19.796228, 8.211424,10.083104,11.207739,10.568708,14.773304,25.014738,22.760142, 9.513658,11.746474,13.033660,12.145223,16.539846,27.552133,24.970126,10.483949,12.723726,13.874436,12.681593,17.187551,28.164739,24.990655,10.385879,12.531597,13.597563,12.288525,16.683456,27.567218,24.993918,10.642884,13.115129,14.239184,13.126574,17.428483,28.889982,26.510679,11.230177,13.794358,14.843229,13.196579,17.695854,28.947386,26.285282,11.110690,13.387232,14.508427,13.115691,17.617612,28.965433,25.939768,10.649655,12.795439
 2.537992, 3.154824, 5.808430, 9.995047, 8.699595, 4.110266, 5.218202, 4.245519, 4.760869, 7.591129,12.072783,10.302661, 4.946822, 6.297097, 5.152180, 5.668083, 8.699741,13.541527,11.513740, 5.578423, 6.940448, 5.574972, 5.979563, 9.111626,13.900749,11.526638, 5.515593, 6.815557, 5.437881, 5.754224, 8.797393,13.562246,11.536406, 5.685584, 7.203411, 5.762239, 6.243304, 9.268922,14.328911,12.370509, 6.072121, 7.654066, 6.069083, 6.282795, 9.438217,14.363239,12.246786, 5.992231, 7.382376, 5.898237, 6.235767, 9.388889,14.373077,12.053525, 5.689196, 6.989937
18.419383,18.285972,23.363001,37.757641,29.848794,17.673116,17.345576,17.140388,17.194564,22.364571,36.565090,29.006459,17.168974,16.825876,16.628033,16.721791,21.861752,35.853177,28.463255,16.844602,16.558021,16.420900,16.579043,21.690451,35.690736,28.453959,16.871641,16.604501,16.481694,16.675795,21.808705,35.822234,28.436942,16.785669,16.449611,16.326624,16.454221,21.619245,35.495161,28.106912,16.608003,16.287407,16.191962,16.440593,21.556385,35.479895,28.153895,16.647117,16.385249,16.266847,16.459808,21.573062,35.477240,28.233794,16.786588,16.535043
11.438927,12.292064,17.911684,23.438453,21.507740,11.790691,11.678690,10.574077,11.543211,17.154544,22.708248,20.914093,11.456606,11.329789,10.256351,11.225788,16.771749,22.271083,20.529330,11.240912,11.150676,10.127352,11.129460,16.643545,22.171623,20.523498,11.259888,11.182597,10.166915,11.197331,16.739204,22.263931,20.520700,11.205086,11.081322,10.072494,11.050784,16.596334,22.059230,20.283080,11.087512,10.969727, 9.986792,11.038019,16.543508,22.046727,20.314994,11.110934,11.035503,10.033297,11.051767,16.558120,22.045378,20.370075,11.204277,11.135885
17.167521,17.523864,35.067600,51.753387,39.166151,14.511329,17.009850,17.738771,17.919765,35.545134,52.231525,39.468102,14.630340,17.164782,17.900239,18.065407,35.788194,52.533150,39.687962,14.716903,17.247253,17.970900,18.114842,35.863062,52.592600,39.679601,14.702089,17.222408,17.935767,18.065401,35.769035,52.475030,39.648220,14.720029,17.268621,17.989528,18.141172,35.879492,52.665689,39.818993,14.770197,17.330006,18.038190,18.151515,35.914960,52.663239,39.790078,14.764005,17.296519,18.012542,18.142116,35.898789,52.666051,39.761455,14.723347,17.245996
 8.244263,10.722569,10.556536,15.372703,13.759185, 7.480533, 9.020200, 8.039193,10.427004,10.326578,15.115221,13.548253, 7.362943, 8.878830, 7.913196,10.279110,10.206523,14.962626,13.415342, 7.287859, 8.804043, 7.861652,10.234638,10.163393,14.926928,13.412742, 7.293569, 8.815458, 7.874374,10.261576,10.188293,14.947012,13.400774, 7.272118, 8.772145, 7.837052,10.193497,10.145613,14.883675,13.326276, 7.231537, 8.728751, 7.802803,10.190439,10.129657,14.877662,13.334634, 7.240982, 8.755974, 7.822242,10.195278,10.132881,14.877840,13.356121, 7.273077, 8.796700
18.019165,18.536015,20.113716,27.450491,22.839907,13.897604,14.825039,16.472868,17.266874,19.173313,26.515354,22.159146,13.474363,14.343595,15.944383,16.761628,18.698783,25.954531,21.706898,13.189913,14.094295,15.722138,16.599560,18.545937,25.834702,21.713680,13.228222,14.153070,15.810777,16.739487,18.701513,26.009778,21.746701,13.166253,14.019871,15.656182,16.505244,18.515510,25.711538,21.440970,13.011637,13.849423,15.501885,16.470654,18.437902,25.695067,21.480564,13.031052,13.944482,15.582336,16.496889,18.464724,25.692192,21.539828,13.157086,14.085811
 8.334145, 8.721015,10.720765,15.430390,14.158838, 8.516070, 8.495021, 8.147494, 8.511151,10.522187,15.210624,13.974245, 8.403490, 8.380657, 8.038469, 8.405442,10.417382,15.079356,13.857933, 8.331901, 8.320440, 7.993957, 8.373798,10.379907,15.048120,13.855043, 8.336858, 8.329025, 8.004490, 8.392649,10.401654,15.066524,13.845788, 8.316932, 8.294799, 7.972982, 8.345100,10.365379,15.012892,13.780947, 8.278487, 8.259628, 7.943093, 8.342177,10.350498,15.006781,13.787805, 8.287143, 8.281459, 7.959762, 8.345729,10.353456,15.006825,13.806028, 8.317627, 8.314068
 8.397854, 8.477846, 9.199931,14.202761,15.466216, 5.279056, 8.611072, 7.843988, 8.055254, 8.894766,13.874194,15.159555, 5.161803, 8.417088, 7.665582, 7.888567, 8.740461,13.673787,14.951927, 5.082728, 8.316656, 7.591237, 7.835951, 8.691042,13.631147,14.953416, 5.092513, 8.339760, 7.620344, 7.880153, 8.738736,13.689397,14.966180, 5.074216, 8.283862, 7.565542, 7.800277, 8.676762,13.582427,14.824559, 5.030243, 8.216275, 7.515283, 7.791074, 8.654324,13.578832,14.845227, 5.037423, 8.254464, 7.541977, 7.799613, 8.661961,13.577805,14.873826, 5.072843, 8.312809
16.782693,17.408173,18.706775,24.423366,23.420324,10.422666,15.522630,16.257305,16.877852,18.267265,23.981873,23.034634,10.246426,15.262215,15.986698,16.616707,18.037945,23.717444,22.792316,10.136490,15.127070,15.878772,16.540400,17.955721,23.652595,22.782181,10.141234,15.142799,15.900146,16.580516,17.995914,23.681397,22.758574,10.109353,15.063934,15.820692,16.462420,17.917364,23.577852,22.626491,10.049847,14.987915,15.750385,16.457776,17.888247,23.567076,22.642282,10.065379,15.035921,15.789988,16.466218,17.892802,23.566704,22.679962,10.111581,15.109244
12.848143,14.285651,21.276318,26.386207,32.552394,13.124396,15.244446,11.955315,13.443072,20.391145,25.570035,31.666967,12.755945,14.799248,11.601569,13.080442,19.945354,25.083002,31.094432,12.517585,14.569342,11.457801,12.970223,19.794124,24.972780,31.086927,12.538982,14.610937,11.501680,13.047144,19.903129,25.068131,31.073573,12.476685,14.478696,11.394686,12.877003,19.734007,24.840721,30.722073,12.346191,14.337676,11.300529,12.865369,19.676765,24.830061,30.771499,12.373643,14.422162,11.352662,12.880496,19.692739,24.828418,30.855416,12.476557,14.550977
 9.750138, 9.660113,12.259361,16.417095,19.992541, 8.999044, 8.851124, 9.002818, 9.040686,11.704026,15.870903,19.409155, 8.724202, 8.566868, 8.714855, 8.774527,11.425115,15.545197,19.033296, 8.547919, 8.420840, 8.598819, 8.694551,11.330396,15.470682,19.026113, 8.562133, 8.445746, 8.632443, 8.748206,11.394993,15.530003,19.013882, 8.515220, 8.361124, 8.545320, 8.623715,11.290229,15.381005,18.786172, 8.418700, 8.272835, 8.469937, 8.616097,11.255481,15.373868,18.818546, 8.440146, 8.326082, 8.511822, 8.626962,11.264687,15.372846,18.873987, 8.515934, 8.407830
11.310729,11.576413,13.855946,20.583857,22.478177,13.801236,14.860419,13.466171,13.252205,15.178495,21.954698,23.769298,14.617432,15.802434,14.326738,14.022125,15.905031,22.850338,24.689081,15.193039,16.319490,14.699461,14.271833,16.154755,23.054414,24.695715,15.133861,16.212482,14.568993,14.081687,15.950477,22.837042,24.679498,15.281814,16.519313,14.859891,14.478489,16.255268,23.308308,25.308846,15.619702,16.865129,15.111841,14.507755,16.349756,23.315193,25.205832,15.548709,16.660910,14.972520,14.468924,16.319760,23.322287,25.069970,15.284356,16.351828
11.503217,12.202195,15.728957,21.829362,24.825430,10.467783,13.272057,12.002781,12.551098,15.992407,22.070523,25.048292,10.570181,13.418015,12.136279,12.674812,16.128638,22.226185,25.215972,10.646829,13.495718,12.195875,12.718305,16.168976,22.256026,25.207392,10.632072,13.470003,12.163152,12.670838,16.108791,22.181311,25.169459,10.645226,13.510870,12.206494,12.734384,16.171249,22.286620,25.308125,10.689624,13.572620,12.248867,12.746805,16.194591,22.286230,25.285127,10.686324,13.540506,12.227628,12.737853,16.184015,22.288515,25.266355,10.649838,13.492458
15.894676,17.352595,25.454419,34.169551,26.994040,13.556177,16.757110,15.354840,16.810619,24.867356,33.572935,26.566526,13.337724,16.481560,15.101948,16.555725,24.564412,33.213906,26.293575,13.199113,16.338357,15.000345,16.480148,24.457490,33.128207,26.284665,13.207194,16.358340,15.024325,16.524243,24.517061,33.176363,26.264193,13.167981,16.274202,14.947987,16.405868,24.407695,33.025342,26.107900,13.092045,16.191448,14.882334,16.401130,24.371038,33.015002,26.129088,13.111160,16.243050,14.919435,16.410197,24.378306,33.013940,26.170885,13.170086,16.322110
10.372763,10.684169,12.306787,22.210685,18.800507, 8.416287,10.948389,10.695884,10.862961,12.408275,22.310958,18.860940, 8.448744,11.002278,10.749769,10.909279,12.457070,22.378889,18.915740, 8.476814,11.030436,10.774930,10.927436,12.468624,22.388553,18.909071, 8.468465,11.016052,10.754883,10.900962,12.438161,22.335810,18.881450, 8.470934,11.030499,10.774646,10.928174,12.466025,22.399479,18.941017, 8.488276,11.057823,10.792495,10.935239,12.474171,22.394519,18.928460, 8.488606,11.045037,10.784071,10.930118,12.468420,22.396401,18.924573, 8.474167,11.025457
 8.132322, 9.192390,10.914640,16.484125, 7.337628, 3.705329, 9.097002, 8.974252,10.096906,11.707608,17.368268, 7.717621, 3.916207, 9.565218, 9.435049,10.569632,12.147427,17.932383, 7.973081, 4.057020, 9.821190, 9.628607,10.715482,12.308672,18.070748, 7.981410, 4.048681, 9.784907, 9.582751,10.630393,12.219436,17.994527, 8.001575, 4.089426, 9.938645, 9.730604,10.861788,12.384925,18.239251, 8.153095, 4.169795,10.091349, 9.858856,10.869415,12.439098,18.254238, 8.131464, 4.148858, 9.994953, 9.785540,10.852087,12.428973,18.257309, 8.090952, 4.086996, 9.849717
 8.968288,11.892339,16.398230,28.895383,26.132031,13.680204,12.892714,12.628843,15.564396,19.692905,32.938776,29.314527,15.398243,14.636122,14.336750,17.449933,21.641551,35.712514,31.675838,16.669192,15.642200,15.113667,18.087371,22.336210,36.361851,31.685250,16.530426,15.430456,14.839408,17.597463,21.757896,35.657076,31.641786,16.857970,16.028243,15.437191,18.597898,22.590887,37.145686,33.292816,17.623062,16.730684,15.987226,18.684233,22.875870,37.188650,33.035892,17.471611,16.315021,15.683775,18.584262,22.785858,37.209713,32.675384,16.869546,15.703538
20.775657,21.157221,27.754871,44.247642,36.275051,19.206537,19.047541,20.153613,20.545655,27.142667,43.501991,35.717064,18.910699,18.746925,19.837824,20.246597,26.825550,43.055118,35.365871,18.725373,18.590793,19.711805,20.159080,26.711610,42.945864,35.351749,18.733901,18.609699,19.737422,20.205577,26.767390,42.993437,35.316682,18.680149,18.517597,19.643331,20.068731,26.656075,42.815974,35.123803,18.579425,18.429983,19.562327,20.064587,26.618337,42.801388,35.148897,18.605881,18.485674,19.608545,20.074475,26.624982,42.800389,35.203196,18.683619,18.570642
30.435858,27.622102,29.374023,37.871771,33.030578,20.595369,28.524936,27.618620,25.562494,27.841557,36.421511,31.918139,19.894094,27.506529,26.634212,24.724747,27.080164,35.558259,31.192633,19.435963,26.984307,26.232260,24.466969,26.828859,35.367906,31.189918,19.484193,27.089808,26.369740,24.662890,27.036009,35.571444,31.198698,19.371440,26.794590,26.073460,24.269853,26.740641,35.145485,30.735186,19.120990,26.462500,25.807762,24.234544,26.638153,35.129024,30.801525,19.167206,26.656364,25.952351,24.273041,26.671069,35.125503,30.903467,19.366491,26.951328
33.929672,36.576766,41.109593,56.391358,45.348654,32.784579,43.258508,42.057450,42.798055,45.602693,60.677138,48.304970,34.957113,46.362670,45.085204,45.586227,48.087180,63.510921,50.458447,36.525162,48.076302,46.418338,46.508847,48.922733,64.140539,50.452204,36.337110,47.681626,45.900022,45.748654,48.148347,63.333197,50.336546,36.719030,48.686542,46.935516,47.202801,49.221626,64.913791,51.877327,37.646190,49.884888,47.852171,47.339788,49.564532,64.927728,51.622521,37.473580,49.193495,47.352876,47.184259,49.441180,64.950437,51.311934,36.740414,48.151745
13.023320,13.810119,14.820861,21.011738,26.152490, 7.661418,13.020812,12.779476,13.587492,14.642081,20.823745,25.944845, 7.596590,12.912788,12.673496,13.483497,14.552164,20.711947,25.813053, 7.555942,12.856704,12.631803,13.453970,14.520039,20.685506,25.807516, 7.557676,12.863805,12.640194,13.468621,14.533014,20.691616,25.788385, 7.544497,12.828020,12.605775,13.417937,14.499241,20.646675,25.716137, 7.521776,12.797804,12.580293,13.419308,14.491793,20.645449,25.727316, 7.528891,12.817844,12.595768,13.422580,14.493041,20.645942,25.750534, 7.546265,12.849490
14.956143,14.690009,19.114714,25.046914,24.922137,13.522591,14.633749,14.395221,14.170395,18.607289,24.540433,24.466887,13.272970,14.357559,14.124610,13.922895,18.346112,24.238150,24.179109,13.115740,14.214156,14.016253,13.850095,18.253441,24.165803,24.169368,13.124521,14.233406,14.040596,13.891175,18.302484,24.202138,24.143692,13.079223,14.148932,13.959476,13.777081,18.209483,24.078222,23.982495,12.993617,14.067147,13.889405,13.773078,18.177911,24.068588,24.003338,13.015453,14.118600,13.929227,13.781526,18.183952,24.068295,24.048422,13.082058,14.197282
 9.730779,10.883548,13.242276,17.863387,13.696855,10.388011,11.688384,10.927730,11.904420,14.052127,18.632260,14.212244,10.788578,12.171712,11.381225,12.349053,14.490343,19.126184,14.578316,11.073124,12.435010,11.579550,12.496510,14.636234,19.233856,14.574207,11.036037,12.372275,11.500061,12.370830,14.493129,19.083847,14.550023,11.102327,12.520889,11.647310,12.594709,14.676524,19.357515,14.808915,11.266197,12.705064,11.785293,12.620830,14.742934,19.365156,14.769883,11.239705,12.600289,11.711516,12.596724,14.720124,19.369069,14.718718,11.108440,12.443901
 3.641403, 5.563853, 7.664503,11.242912, 9.330619, 5.612893, 5.524755, 5.646997, 7.866983, 9.732121,13.356294,10.891330, 6.602826, 6.560157, 6.697870, 9.144394,11.000536,14.834801,12.059634, 7.343531, 7.172034, 7.183762, 9.579947,11.468615,15.193538,12.071373, 7.269504, 7.052763, 7.025542, 9.263747,11.110140,14.853218,12.079794, 7.467993, 7.420277, 7.397754, 9.946973,11.646783,15.622132,12.880654, 7.918266, 7.845559, 7.747700,10.001604,11.837976,15.655581,12.761664, 7.825211, 7.589501, 7.552957, 9.936295,11.782361,15.665550,12.576573, 7.472110, 7.218074
 7.053096, 7.655403,10.792343,19.304236,21.996717, 6.805616,11.326597, 9.528747, 9.790698,12.750256,21.732139,24.389090, 7.614575,12.692657,10.692688,10.875060,13.895088,23.377781,26.143812, 8.207331,13.475250,11.218488,11.239770,14.301913,23.760671,26.148687, 8.142044,13.310534,11.033117,10.959053,13.962692,23.344160,26.118524, 8.294156,13.771915,11.433969,11.527588,14.446286,24.219221,27.333974, 8.647704,14.313785,11.805080,11.577490,14.614779,24.248082,27.148786, 8.578523,13.993369,11.600724,11.521396,14.562668,24.260362,26.882125, 8.299739,13.521743
 8.995785, 9.371966,11.483163,18.035458,16.079431, 7.789501, 9.425723, 9.288272, 9.583105,11.640453,18.204613,16.207058, 7.856481, 9.514146, 9.375398, 9.663942,11.725884,18.313672,16.299958, 7.904948, 9.561126, 9.414340, 9.692373,11.751980,18.336766,16.296923, 7.896898, 9.547901, 9.395292, 9.663385,11.715513,18.284359,16.275754, 7.904634, 9.570285, 9.420264, 9.700949,11.749623,18.351701,16.348089, 7.931671, 9.607678, 9.449817, 9.711340,11.768461,18.357026,16.339232, 7.930571, 9.588682, 9.435900, 9.705865,11.762137,18.358649,16.329718, 7.907929, 9.561011
13.951959,12.054932,14.012405,22.746824,23.635656, 8.657772,12.761203,14.411803,12.271086,14.130407,22.855214,23.712702, 8.691787,12.826100,14.484741,12.324614,14.191425,22.929511,23.786389, 8.724081,12.860940,14.522538,12.348503,14.203978,22.938052,23.771733, 8.711209,12.838897,14.486735,12.307465,14.153697,22.855593,23.715684, 8.710463,12.850807,14.508536,12.335121,14.186576,22.934355,23.804098, 8.729129,12.891536,14.540651,12.350983,14.205500,22.934996,23.791134, 8.734089,12.874491,14.527532,12.343688,14.195168,22.936955,23.788727, 8.716699,12.850673
12.597907,12.457792,13.998048,20.090954,18.032028, 9.233098,12.827223,12.407857,12.151347,13.685894,19.725320,17.718706, 9.071720,12.614603,12.203364,11.960579,13.518630,19.509845,17.533683, 8.977925,12.504418,12.125679,11.909540,13.453286,19.451825,17.518077, 8.974961,12.506310,12.126420,11.919998,13.461013,19.439343,17.473155, 8.942167,12.438880,12.068487,11.837974,13.412732,19.382146,17.394968, 8.892647,12.388619,12.020434,11.841755,13.395358,19.369544,17.401650, 8.910982,12.425038,12.049471,11.844562,13.393698,19.370277,17.434304, 8.948148,12.481470
14.176418,14.938644,16.019425,21.291764,19.901920,12.132565,15.729210,14.384765,15.071424,16.111713,21.367843,19.963674,12.174081,15.788233,14.441925,15.124702,16.155510,21.418775,20.006733,12.198409,15.816799,14.461218,15.137696,16.171385,21.432677,20.013810,12.202367,15.817348,14.461596,15.137630,16.174607,21.440917,20.024830,12.213082,15.841069,14.485363,15.168935,16.193831,21.459597,20.048917,12.229364,15.851548,14.492066,15.162401,16.189106,21.453917,20.039301,12.218906,15.842592,14.486405,15.161056,16.191911,21.455277,20.032061,12.209125,15.824504
14.920623,15.689022,18.393780,27.047247,24.375895,15.534386,17.080217,16.059907,16.597883,19.086365,27.762756,24.930364,15.897855,17.513245,16.467708,16.978576,19.456023,28.218788,25.323725,16.156269,17.746983,16.645924,17.105604,19.576569,28.316081,25.316431,16.119732,17.687976,16.570262,16.992039,19.448473,28.163960,25.280049,16.176624,17.816998,16.700296,17.181660,19.603678,28.423438,25.563500,16.324212,17.983417,16.824864,17.207248,19.662002,28.430551,25.521061,16.303326,17.890391,16.759222,17.185772,19.641021,28.434630,25.468417,16.184240,17.751813
 9.659037,10.506036,16.408712,25.070318,18.926462, 9.783571,11.524073,10.871668,11.434499,17.309124,26.011207,19.537468,10.118581,11.951642,11.278296,11.818955,17.787858,26.618390,19.976629,10.356980,12.181827,11.454428,11.945629,17.943930,26.749452,19.972557,10.326218,12.125728,11.381800,11.836070,17.787211,26.560009,19.937058,10.381168,12.257807,11.516993,12.032982,17.993464,26.906226,20.255531,10.519950,12.419619,11.636971,12.054312,18.060241,26.907817,20.202504,10.496355,12.328079,11.572636,12.032373,18.035194,26.913648,20.142739,10.386139,12.189215
14.182225,14.721012,19.779124,28.546290,26.439213,15.777239,15.901681,15.629424,15.725441,20.614547,29.352899,27.069673,16.172011,16.344062,16.069165,16.122898,21.045768,29.873640,27.525192,16.449834,16.578344,16.254750,16.250202,21.184996,29.985635,27.525691,16.418176,16.523134,16.180509,16.144478,21.056077,29.840965,27.497669,16.486501,16.664889,16.333626,16.354793,21.248463,30.138154,27.829156,16.651334,16.823798,16.453033,16.368446,21.294488,30.127685,27.765012,16.616003,16.731992,16.386811,16.346111,21.275491,30.133410,27.701546,16.488207,16.588066
 6.228572, 6.079174, 9.091684,11.676609,12.775743, 5.700083, 7.001216, 6.768147, 6.466539, 9.450194,11.995151,13.071911, 5.845718, 7.191530, 6.953180, 6.627516, 9.641410,12.199634,13.282559, 5.948687, 7.293511, 7.033390, 6.680831, 9.703642,12.244131,13.280265, 5.935187, 7.268848, 7.000319, 6.634210, 9.639038,12.176634,13.260042, 5.957679, 7.325280, 7.059316, 6.714119, 9.718974,12.292088,13.411813, 6.016651, 7.397526, 7.114863, 6.724799, 9.748471,12.294823,13.388177, 6.007855, 7.357189, 7.085705, 6.715632, 9.737978,12.297082,13.360995, 5.960671, 7.296680
 9.749388,10.334732,14.338338,20.341229,16.074489, 7.862160,10.274103, 9.890384,10.457297,14.444321,20.446711,16.146047, 7.900004,10.327595, 9.941748,10.505281,14.501546,20.514526,16.198396, 7.927945,10.356664, 9.965058,10.522742,14.519603,20.528478,16.195912, 7.922854,10.347825, 9.953145,10.504442,14.494152,20.496074,16.184711, 7.927510,10.362127, 9.968536,10.527926,14.518323,20.539319,16.226131, 7.943320,10.384911, 9.985791,10.533514,14.529979,20.541248,16.220374, 7.942435,10.373054, 9.977381,10.530366,14.525894,20.542653,16.214981, 7.929447,10.355977
16.824173,18.854807,29.884147,49.387993,36.192727,19.327633,21.078274,18.480937,20.053484,31.004093,50.622297,36.940520,19.746908,21.594451,18.937642,20.495688,31.589041,51.417633,37.497968,20.058747,21.870919,19.141290,20.648293,31.764536,51.571464,37.472558,20.001073,21.782925,19.033831,20.487360,31.519445,51.219398,37.366503,20.059398,21.931763,19.183708,20.714474,31.785058,51.740801,37.814732,20.240069,22.147710,19.328574,20.754735,31.882775,51.741662,37.742467,20.223903,22.033439,19.254645,20.723870,31.838622,51.748981,37.673282,20.074804,21.862127
16.418411,16.353577,17.162523,23.785030,22.538019,15.239982,15.968662,15.440645,15.619625,16.633879,23.258808,22.102210,14.940177,15.634666,15.116682,15.318587,16.367309,22.939994,21.814076,14.744245,15.463236,14.984999,15.227264,16.279546,22.868688,21.810027,14.762113,15.495495,15.027750,15.293612,16.347571,22.939117,21.811404,14.712192,15.396820,14.928190,15.151072,16.244544,22.783918,21.627769,14.603645,15.288466,14.841496,15.139610,16.209726,22.777627,21.654661,14.626017,15.351978,14.888731,15.153403,16.220130,22.776718,21.696426,14.712053,15.450276
10.547193,10.094739,11.958115,20.787394,20.066008, 5.218926, 9.896975,10.330374, 9.833729,11.710036,20.451210,19.767964, 5.134129, 9.747551,10.177406, 9.697421,11.579223,20.253338,19.582873, 5.080466, 9.668293,10.114634, 9.656261,11.531344,20.205670,19.578559, 5.084219, 9.679274,10.128653, 9.679991,11.557667,20.230209,19.560085, 5.068963, 9.634209,10.084924, 9.618952,11.513151,20.151856,19.459825, 5.040379, 9.588426,10.042344, 9.615338,11.494134,20.141609,19.469172, 5.046693, 9.617177,10.066230, 9.619617,11.497735,20.141920,19.498612, 5.069362, 9.659385
11.696141,10.956233,12.933707,16.106868,21.949106, 7.642032,10.938916,11.101569,10.482525,12.528322,15.732989,21.502274, 7.476298,10.700617,10.860411,10.271315,12.324852,15.510247,21.216610, 7.371234,10.577746,10.764405,10.209428,12.253993,15.458210,21.207772, 7.377687,10.595966,10.788109,10.245860,12.292800,15.485631,21.183810, 7.347045,10.521477,10.712778,10.145261,12.216399,15.389603,21.018423, 7.288985,10.451009,10.652236,10.143269,12.195089,15.386055,21.043183, 7.304333,10.495349,10.687230,10.151020,12.200013,15.385944,21.088536, 7.349240,10.564259
18.039880,20.609483,29.752076,44.621237,26.405898,14.068750,17.095057,16.025832,18.756791,27.884871,42.561216,25.316893,13.474831,16.340887,15.317980,18.002167,26.963264,41.344623,24.615724,13.092728,15.957264,15.032230,17.772827,26.657480,41.072054,24.608422,13.128992,16.029473,15.124011,17.939576,26.894695,41.338905,24.608362,13.033436,15.812460,14.913742,17.590223,26.545047,40.757669,24.170846,12.825998,15.573175,14.726030,17.560152,26.422273,40.730737,24.232264,12.865986,15.713664,14.828167,17.593548,26.459233,40.725986,24.330443,13.030349,15.928189
12.048224,11.892682,15.566422,17.198891, 8.673257, 7.311763,14.311182,15.020574,13.985880,17.264659,18.504779, 9.261341, 7.822319,15.345520,16.102181,14.899121,18.213736,19.370876, 9.695846, 8.199527,15.919575,16.590626,15.213426,18.524504,19.557251, 9.686439, 8.143450,15.768660,16.374317,14.923725,18.175157,19.242021, 9.635271, 8.223810,16.084670,16.730533,15.390305,18.584402,19.755752, 9.960987, 8.444133,16.513111,17.082070,15.462030,18.745061,19.770478, 9.911932, 8.416020,16.276650,16.899012,15.405592,18.685370,19.778821, 9.854334, 8.237347,15.928183
11.278287,10.694749,12.643312,15.489896,10.099548, 7.258260,10.712014,10.566014,10.088432,12.115673,15.003630, 9.805599, 7.043154,10.395814,10.254790, 9.812162,11.847512,14.714026, 9.619281, 6.907476,10.233179,10.130445, 9.730507,11.754106,14.645520, 9.613661, 6.915957,10.256656,10.160968, 9.779556,11.808686,14.687575, 9.601617, 6.878426,10.162051,10.068356, 9.652704,11.712034,14.564519, 9.494447, 6.804728,10.067494, 9.988038, 9.646571,11.679052,14.556221, 9.508900, 6.822497,10.125886,10.033103, 9.656715,11.686262,14.555420, 9.536853, 6.879935,10.215354
11.793577,13.316907,18.576367,30.549032,23.477050,12.399515,12.354001,14.190881,15.480942,20.598727,32.913680,25.078369,13.272434,13.281646,15.244157,16.521806,21.729662,34.462112,26.215309,13.890190,13.797211,15.705008,16.861468,22.125462,34.818734,26.222580,13.826403,13.692763,15.548250,16.607061,21.809676,34.455726,26.216992,13.987031,13.996805,15.901109,17.139931,22.276697,35.253853,26.981913,14.348332,14.341054,16.217696,17.180763,22.432278,35.278095,26.864652,14.273933,14.136374,16.042460,17.130039,22.385446,35.288308,26.692767,13.989856,13.830618
 8.633585, 9.131031,10.856811,16.055846,17.763434, 7.047394, 9.865840,10.491516,10.553960,11.930706,17.143729,18.785058, 7.488962,10.516918,11.180396,11.180606,12.522699,17.858271,19.527651, 7.808823,10.875556,11.485609,11.390710,12.719349,18.014306,19.518963, 7.766343,10.788056,11.360129,11.208729,12.521035,17.788063,19.460431, 7.839934,10.991944,11.589610,11.530266,12.774786,18.194663,19.998850, 8.026929,11.248228,11.803094,11.568555,12.864425,18.202558,19.914223, 7.996986,11.103105,11.689056,11.532619,12.831971,18.208743,19.811041, 7.847375,10.886529
 8.344529,10.529550,11.074108,18.138862,18.076945, 7.970344, 9.874626, 8.691321,10.783523,11.226365,18.294286,18.200493, 8.031555, 9.961342, 8.769731,10.868289,11.303740,18.395745,18.295728, 8.076758,10.006401, 8.803604,10.896791,11.325710,18.414883,18.292439, 8.069013, 9.992029, 8.785310,10.866503,11.294345,18.369086,18.271438, 8.077616,10.017093, 8.812080,10.911348,11.330189,18.437731,18.351088, 8.104527,10.052237, 8.835294,10.918342,11.341565,18.436291,18.336553, 8.101017,10.033932, 8.823569,10.912287,11.336509,18.437526,18.324836, 8.079121,10.004955
22.460759,21.814713,25.324869,32.010659,32.118858,23.831405,23.641427,23.335495,22.499942,25.877108,32.513260,32.562661,24.164931,23.993887,23.685168,22.807440,26.166789,32.830462,32.864180,24.386178,24.180193,23.828420,22.901710,26.267609,32.905306,32.873277,24.371930,24.149928,23.788410,22.841207,26.204091,32.851605,32.884042,24.433654,24.263283,23.903590,22.995409,26.319211,33.001490,33.074686,24.561336,24.376123,23.994526,23.000235,26.349579,33.002832,33.041595,24.527418,24.306787,23.942870,22.987386,26.342733,33.005897,32.996876,24.430283,24.198583
16.845211,17.525992,18.710672,24.570288,22.508999,12.723426,17.450871,16.910544,17.509289,18.659027,24.503684,22.444158,12.689220,17.412321,16.873504,17.470500,18.632210,24.467814,22.412982,12.674153,17.392755,16.862962,17.464382,18.617625,24.455015,22.404663,12.668082,17.385204,16.851379,17.450688,18.599854,24.423589,22.374765,12.657118,17.367969,16.839496,17.434038,18.596145,24.431520,22.377015,12.649373,17.369039,16.836654,17.443072,18.599981,24.429879,22.376227,12.657609,17.373572,16.841092,17.441133,18.595616,24.431080,22.385562,12.661936,17.381999
18.220265,17.058097,18.394783,26.242597,26.126596,13.178739,17.822910,17.074445,16.107529,17.647517,25.446479,25.420431,12.815221,17.318936,16.593110,15.687033,17.267813,24.972016,24.967039,12.580823,17.058091,16.397047,15.559387,17.138187,24.863831,24.960948,12.601663,17.104023,16.455273,15.647345,17.230571,24.955570,24.948469,12.540755,16.955833,16.312489,15.453248,17.089500,24.738570,24.674462,12.413495,16.796291,16.182806,15.438740,17.038306,24.725108,24.710619,12.439522,16.892007,16.254318,15.455866,17.052150,24.723792,24.777107,12.540366,17.036793
18.695003,16.715213,21.551916,30.597635,29.344693,12.766288,16.887772,18.707902,16.574521,21.356259,30.354657,29.117547,12.669528,16.769550,18.580089,16.465334,21.249409,30.214410,28.987533,12.614151,16.706638,18.531547,16.436667,21.204551,30.175606,28.975902,12.611608,16.706017,18.528024,16.438309,21.202909,30.153912,28.931935,12.590057,16.666172,18.491753,16.391323,21.174222,30.125086,28.885213,12.561125,16.640594,18.462060,16.396222,21.164478,30.115659,28.887251,12.573113,16.661122,18.481162,16.396548,21.161849,30.116928,28.912909,12.594629,16.692250
11.664734,10.562856,12.894615,15.732789,13.458847, 5.962911,12.033679,10.468415, 9.647688,12.102375,15.016712,12.910386, 5.701541,11.519616,10.017335, 9.262046,11.707778,14.593015,12.559435, 5.534732,11.257577, 9.836018, 9.145834,11.574914,14.496343,12.553525, 5.548788,11.303095, 9.889914, 9.225820,11.670076,14.580156,12.547103, 5.505880,11.154134, 9.756505, 9.048352,11.523416,14.385125,12.333625, 5.415444,10.994241, 9.637945, 9.034800,11.471652,14.374468,12.363090, 5.434193,11.089420, 9.702883, 9.050878,11.485688,14.372762,12.412998, 5.505486,11.234926
13.899394,16.541271,16.431477,23.595909,28.350927,11.533001,14.821797,14.179567,16.671192,16.463312,23.598845,28.331267,11.530004,14.832322,14.190711,16.677971,16.478296,23.608755,28.341793,11.538361,14.837870,14.200842,16.687801,16.475342,23.604158,28.327743,11.527651,14.822442,14.178487,16.654929,16.439291,23.545633,28.271235,11.520048,14.818642,14.182194,16.661476,16.454998,23.587929,28.320557,11.525877,14.839411,14.193467,16.676117,16.465552,23.585408,28.311065,11.533418,14.833752,14.190789,16.670236,16.457692,23.587431,28.318721,11.526538,14.826478
14.845577,15.043090,18.274265,24.366520,23.130574,14.643539,14.181405,13.647805,14.002521,17.368712,23.469112,22.372357,14.157649,13.686842,13.172255,13.553859,16.912626,22.934807,21.885179,13.845869,13.432847,12.979994,13.418147,16.757994,22.812718,21.877224,13.872310,13.476963,13.036906,13.511292,16.867974,22.917111,21.866571,13.791571,13.332369,12.895585,13.303954,16.698327,22.671709,21.570481,13.621996,13.177339,12.769432,13.288549,16.638135,22.657801,21.611014,13.657482,13.269971,12.838730,13.307019,16.654102,22.655662,21.681149,13.791206,13.411214
11.560166,12.072990,15.152453,20.827420,18.164395,10.551590,11.811130,11.044465,11.626906,14.754963,20.424313,17.850729,10.365153,11.594666,10.841665,11.430513,14.552381,20.182324,17.647602,10.244617,11.482445,10.759183,11.371375,14.483376,20.127041,17.644043,10.254693,11.501751,10.783187,11.411192,14.530691,20.171099,17.636774,10.222437,11.436755,10.721645,11.319272,14.454663,20.060498,17.513894,10.156333,11.368315,10.667332,11.313366,14.428458,20.054223,17.530577,10.170724,11.409612,10.697513,11.321426,14.435534,20.053995,17.561369,10.223020,11.472690
21.991397,22.493294,24.959015,33.050854,19.069680,15.775961,23.523167,22.729579,22.874497,25.135666,33.166450,19.106329,15.814710,23.613263,22.817148,22.944300,25.219727,33.247181,19.153135,15.861823,23.663006,22.867268,22.981691,25.231671,33.248915,19.137281,15.835514,23.617547,22.805213,22.902239,25.139718,33.123857,19.086328,15.830995,23.633662,22.836518,22.946902,25.197742,33.241030,19.158005,15.859900,23.703347,22.879906,22.974500,25.224752,33.235045,19.145470,15.870676,23.675706,22.862431,22.960926,25.205427,33.237627,19.145142,15.842917,23.637311
13.061327,14.681868,19.549340,28.003998,26.637833, 7.864013,14.400107,13.459634,14.914543,19.711046,28.134873,26.733556, 7.898748,14.475134,13.533338,14.985291,19.790893,28.227177,26.812995, 7.923858,14.512035,13.563092,15.008072,19.813147,28.247001,26.815013, 7.921621,14.502626,13.548971,14.986731,19.785935,28.208235,26.794345, 7.926324,14.525029,13.576151,15.026150,19.824692,28.271089,26.864555, 7.942339,14.552515,13.593823,15.030050,19.831412,28.264815,26.846460, 7.938591,14.538215,13.584915,15.024685,19.828069,28.268131,26.839840, 7.926821,14.513472
 6.695726, 6.219614, 6.877272, 9.343021, 7.899229, 6.250932, 7.183655, 5.933872, 5.626547, 6.409625, 8.881662, 7.546876, 5.967076, 6.847747, 5.649922, 5.376230, 6.177400, 8.609505, 7.322657, 5.787256, 6.677169, 5.536494, 5.301496, 6.099049, 8.546944, 7.317988, 5.801311, 6.705477, 5.568811, 5.351356, 6.152741, 8.597561, 7.311802, 5.754358, 6.608036, 5.485032, 5.236703, 6.067245, 8.474639, 7.177308, 5.657082, 6.505185, 5.411222, 5.228549, 6.037314, 8.467587, 7.195786, 5.677947, 6.566772, 5.451789, 5.238777, 6.045194, 8.466681, 7.227946, 5.754482, 6.661236
22.426399,18.770140,32.582564,44.582262,38.890509,12.821506,20.172570,20.831840,17.642715,31.228387,43.214100,37.838321,12.459975,19.585813,20.229389,17.171019,30.545949,42.394610,37.148972,12.222012,19.281916,19.981223,17.024744,30.318980,42.214454,37.148203,12.247865,19.344188,20.066858,17.136809,30.507574,42.409176,37.155827,12.189168,19.172978,19.885181,16.914732,30.242934,42.004264,36.714821,12.058774,18.979045,19.719899,16.894565,30.148862,41.986746,36.776520,12.082673,19.092445,19.809899,16.915908,30.178168,41.983344,36.874686,12.186693,19.264181
 7.789685, 9.506539,11.955972,20.458169,20.253941,11.132291,10.683969,10.187105,11.529478,13.572465,22.327618,21.840828,12.045041,11.639264,11.105809,12.461768,14.472650,23.573375,22.997760,12.700396,12.168726,11.507785,12.766176,14.780977,23.856923,23.006733,12.632365,12.056340,11.363347,12.531639,14.525038,23.548103,22.979216,12.802184,12.376486,11.685288,13.025260,14.914727,24.222833,23.791089,13.194236,12.736847,11.957025,13.059164,15.027189,24.223356,23.650883,13.109794,12.524244,11.805942,13.009402,14.988565,24.232908,23.477507,12.803985,12.201016
15.225182,16.444906,19.530768,27.474284,29.309079, 9.332291,15.856751,15.581580,16.653164,19.661140,27.581026,29.395492, 9.364884,15.922594,15.648297,16.714838,19.725212,27.653666,29.467134, 9.389849,15.956044,15.676982,16.736276,19.742505,27.667457,29.464665, 9.385454,15.944429,15.660082,16.712026,19.714093,27.628741,29.441620, 9.389290,15.963273,15.684039,16.746357,19.746506,27.683475,29.508218, 9.404719,15.990779,15.702800,16.751977,19.754520,27.679335,29.493250, 9.402835,15.976945,15.693531,16.746719,19.749873,27.681422,29.487106, 9.390761,15.954669
13.227599,13.231174,15.740632,22.169320,22.239730, 6.500462,13.821380,12.985058,12.987883,15.508235,21.917885,22.007886, 6.427875,13.677324,12.849414,12.860890,15.389799,21.769245,21.865926, 6.384292,13.602893,12.797607,12.826411,15.345219,21.731366,21.855941, 6.384048,13.607631,12.802203,12.837017,15.353687,21.726301,21.824783, 6.368689,13.559277,12.759329,12.777173,15.313064,21.677389,21.756650, 6.344669,13.523549,12.728692,12.781074,15.304617,21.674237,21.766629, 6.353561,13.549022,12.747921,12.783919,15.304274,21.674856,21.792281, 6.371437,13.589482
 4.422755, 5.146146, 6.812313,11.645388, 8.609541, 4.227131, 6.818666, 6.270928, 7.064404, 8.552081,13.741664,10.024280, 4.983073, 7.998429, 7.359899, 8.170886, 9.622495,15.191419,11.061504, 5.539635, 8.695540, 7.860463, 8.544803,10.025836,15.550839,11.077108, 5.489154, 8.571806, 7.712660, 8.289347, 9.741903,15.254002,11.110939, 5.641746, 8.986922, 8.086609, 8.866466,10.175779,15.965830,11.791302, 5.975194, 9.458814, 8.449207, 8.911713,10.343363,16.015242,11.700064, 5.905117, 9.170965, 8.247142, 8.860209,10.300620,16.023460,11.533446, 5.643492, 8.757089
18.303141,20.723672,30.689713,47.276616,36.580809,17.441448,21.817815,17.200040,19.617039,29.497155,45.896473,35.620201,16.977255,21.220094,16.725185,19.120253,28.891336,45.073495,35.006503,16.681319,20.911513,16.533886,18.971621,28.682020,44.882224,34.992396,16.703136,20.960530,16.585297,19.066586,28.815111,45.017299,34.961764,16.622831,20.781958,16.443159,18.836513,28.592769,44.654906,34.600059,16.461577,20.598777,16.318649,18.823621,28.516424,44.632620,34.649106,16.498559,20.710644,16.388157,18.842623,28.534584,44.630250,34.740876,16.624944,20.881547
17.406729,16.662564,17.614518,23.026709,23.565841,16.903211,18.961775,15.854012,15.354718,16.597007,22.027225,22.651307,16.246453,18.199616,15.212801,14.779214,16.085214,21.436462,22.073010,15.832544,17.810779,14.956675,14.608011,15.909918,21.298614,22.058700,15.862037,17.870953,15.024718,14.717303,16.022964,21.399752,22.034723,15.752266,17.649513,14.837584,14.456299,15.838876,21.142036,21.696021,15.529234,17.418734,14.670512,14.438632,15.771876,21.123672,21.740485,15.578613,17.558328,14.762553,14.460814,15.787697,21.121656,21.824249,15.753781,17.771646
 9.659037,10.506036,16.408712,25.070318,18.926462, 9.783571,11.524073,10.871668,11.434499,17.309124,26.011207,19.537468,10.118581,11.951642,11.278296,11.818955,17.787858,26.618390,19.976629,10.356980,12.181827,11.454428,11.945629,17.943930,26.749452,19.972557,10.326218,12.125728,11.381800,11.836070,17.787211,26.560009,19.937058,10.381168,12.257807,11.516993,12.032982,17.993464,26.906226,20.255531,10.519950,12.419619,11.636971,12.054312,18.060241,26.907817,20.202504,10.496355,12.328079,11.572636,12.032373,18.035194,26.913648,20.142739,10.386139,12.189215
