30.328691,37.606539,45.702903,63.157753,47.354012,29.009956,29.448483,26.234560,34.020128,42.840350,60.473952,45.676344,28.023225,28.341547,25.218190,32.798303,41.500339,58.966929,44.557507,27.267114,27.764354,24.785615,32.449789,41.089658,58.523125,44.499255,27.357152,27.861310,24.948200,32.684534,41.439376,58.899451,44.648355,27.226398,27.472915,24.592177,32.099534,40.883001,58.485889,43.898664,26.773919,27.125510,24.353412,32.040742,40.790500,58.094636,44.031900,26.956079,27.389430,24.509650,32.184692,40.899133,58.232439,44.163263,27.272597,27.944636
15.607976,17.254259,19.759640,27.454516,24.185745,13.302513,14.909516,14.989936,16.657505,19.261984,26.927011,23.761449,13.070383,14.637452,14.711863,16.371492,18.977539,26.602690,23.475015,12.899046,14.494779,14.593860,16.292467,18.885683,26.510553,23.462982,12.918267,14.515862,14.637941,16.345319,18.959954,26.582490,23.498840,12.888652,14.422615,14.545604,16.217150,18.850717,26.513412,23.317690,12.787544,14.337882,14.479002,16.199331,18.826957,26.420001,23.344601,12.825683,14.402165,14.518451,16.229830,18.844807,26.443855,23.375844,12.897827,14.538770
14.378974,21.122054,31.957052,43.045483,29.846921,14.736795,15.874306,15.147098,22.146929,33.065800,44.206245,30.596613,15.115507,16.303604,15.558905,22.686600,33.755480,44.953149,31.125356,15.399050,16.525903,15.735711,22.836734,33.974519,45.164405,31.127168,15.356266,16.481607,15.660553,22.712235,33.758039,44.942256,31.048191,15.403059,16.628027,15.794275,22.960075,34.026333,45.118971,31.397670,15.576698,16.775554,15.904052,23.000224,34.093111,45.341788,31.339986,15.510317,16.664310,15.837856,22.935339,34.041858,45.276422,31.272756,15.380511,16.431149
16.513289,18.181736,25.510810,37.361103,28.356892,16.586985,17.018929,15.907468,17.633989,24.968781,36.777937,27.965755,16.367144,16.778563,15.677173,17.396097,24.681159,36.437688,27.707624,16.199688,16.648813,15.577616,17.328831,24.588591,36.338121,27.693112,16.216826,16.667044,15.614414,17.370726,24.659359,36.407668,27.722148,16.186527,16.578425,15.530414,17.256311,24.539733,36.329005,27.553545,16.086269,16.504535,15.477036,17.245808,24.521844,36.234135,27.582814,16.127978,16.564743,15.512755,17.274472,24.544396,36.264645,27.614140,16.199930,16.689202
15.082847,15.410679,24.061167,39.887593,27.949955,15.811738,14.825908,15.103239,15.380970,24.000428,39.786157,27.876925,15.774334,14.792340,15.067934,15.345813,23.955586,39.721493,27.831722,15.746828,14.771797,15.052190,15.336359,23.938391,39.702986,27.825625,15.746483,14.771437,15.056009,15.337972,23.943125,39.699609,27.825848,15.740262,14.757355,15.041720,15.322276,23.925582,39.694727,27.801406,15.725184,14.749579,15.035540,15.321505,23.924250,39.675272,27.804262,15.731400,14.757386,15.039508,15.324708,23.925827,39.678310,27.808036,15.741818,14.773159
12.006962,15.119897,16.846501,26.876486,28.761645, 7.025102,13.976436,13.072157,16.067181,17.531851,27.612635,29.422765, 7.195427,14.324723,13.406913,16.444558,17.888718,28.054420,29.884615, 7.329289,14.511685,13.554071,16.554992,18.002378,28.187599,29.905831, 7.312647,14.479835,13.498164,16.478371,17.904020,28.071106,29.841609, 7.335863,14.606677,13.617664,16.662272,18.052730,28.188600,30.155502, 7.418756,14.726316,13.703860,16.684670,18.081677,28.312725,30.102353, 7.386010,14.636766,13.649690,16.638957,18.053342,28.272865,30.047044, 7.328106,14.450730
23.088723,21.632921,22.680188,31.346237,30.807788,14.937243,20.451695,19.676997,19.217447,20.952609,29.672753,29.406390,14.271868,19.477159,18.716009,18.338590,20.118968,28.731140,28.488678,13.773740,18.972608,18.311452,18.092330,19.861529,28.456940,28.442109,13.830607,19.052701,18.462355,18.255520,20.074338,28.677942,28.556602,13.743308,18.714498,18.130638,17.843289,19.734640,28.436735,27.955098,13.448990,18.418348,17.909989,17.801079,19.677922,28.188476,28.059846,13.567402,18.647030,18.053668,17.902570,19.742596,28.271881,28.166944,13.775848,19.129745
 9.721284,14.307574,15.467830,25.037225,24.700948, 7.153398,10.813180, 9.580191,14.086160,15.280649,24.795174,24.478001, 7.085441,10.710492, 9.487544,13.963712,15.166193,24.645890,24.329154, 7.035122,10.656249, 9.448197,13.930517,15.129693,24.604800,24.325456, 7.041250,10.665033, 9.464207,13.954403,15.160895,24.638273,24.343018, 7.032355,10.628367, 9.431949,13.897178,15.114829,24.606036,24.247411, 7.002372,10.596777, 9.410041,13.890922,15.106872,24.563281,24.264072, 7.014731,10.622983, 9.424617,13.905976,15.115810,24.576922,24.283342, 7.037431,10.677068
 9.682207, 9.493382,10.564040,13.535728, 8.936307, 6.310192, 8.662047, 8.921701, 8.992160,10.212806,13.252154, 8.783625, 6.206943, 8.507758, 8.757068, 8.835334,10.058988,13.097089, 8.681682, 6.124017, 8.424066, 8.684995, 8.789072,10.011224,13.049226, 8.673403, 6.132372, 8.436554, 8.709982, 8.816511,10.047859,13.084021, 8.685337, 6.117055, 8.378574, 8.647689, 8.737574, 9.980273,13.037865, 8.615503, 6.066830, 8.329355, 8.609569, 8.731819, 9.971596,12.999989, 8.628747, 6.087764, 8.367134, 8.635775, 8.750942, 9.984963,13.014926, 8.640378, 6.121439, 8.444924
17.575325,18.404424,21.622375,32.921589,28.919599,19.453911,18.565728,16.846721,17.830645,21.165707,32.437594,28.555556,19.220309,18.323786,16.619409,17.604854,20.934979,32.153836,28.310773,19.040755,18.193496,16.521167,17.540471,20.860845,32.069950,28.294240,19.058363,18.211194,16.555517,17.579018,20.916327,32.128138,28.322586,19.025934,18.123756,16.474499,17.472527,20.822169,32.059548,28.163707,18.918984,18.048029,16.421383,17.461235,20.805942,31.982804,28.189304,18.960920,18.105786,16.454692,17.486260,20.822174,32.005457,28.215509,19.034245,18.226726
18.754283,18.393974,23.414405,37.733521,29.805319,17.655130,17.339464,17.140712,17.199176,22.389326,36.573969,29.013082,17.197103,16.850759,16.646666,16.736770,21.870976,35.898592,28.481550,16.851156,16.595567,16.436388,16.606340,21.708900,35.701975,28.456864,16.892029,16.637087,16.515574,16.694911,21.845516,35.866079,28.526127,16.832130,16.467148,16.346137,16.478549,21.636092,35.695092,28.177144,16.625977,16.313481,16.228593,16.453635,21.597265,35.512992,28.236042,16.707069,16.430065,16.302791,16.506447,21.636003,35.570516,28.296969,16.852562,16.675905
 9.507962, 9.900986,12.698514,17.934360,16.269038, 9.163351,11.460740, 9.893338,10.172962,12.913317,18.120587,16.398630, 9.231948,11.556930, 9.980505,10.257263,13.005103,18.217382,16.483278, 9.288683,11.610115,10.019108,10.282548,13.033183,18.247951,16.489808, 9.282682,11.601593,10.004764,10.266989,13.010753,18.224946,16.479428, 9.292975,11.640364,10.040796,10.312878,13.054299,18.254634,16.540794, 9.328964,11.672009,10.061299,10.314656,13.057755,18.279921,16.527591, 9.312035,11.645245,10.045129,10.302185,13.047467,18.267655,16.515181, 9.286763,11.591908
15.787647,14.080642,19.354730,28.526091,25.335408,12.478213,13.765074,14.864158,13.388774,18.687792,27.794353,24.751546,12.189318,13.427785,14.496515,13.079623,18.319353,27.353908,24.358028,11.974794,13.252677,14.341009,12.993971,18.203389,27.229400,24.345611,12.001625,13.282100,14.402409,13.055510,18.304688,27.338335,24.398965,11.965563,13.166478,14.279116,12.913475,18.159490,27.236579,24.143553,11.837573,13.060346,14.190278,12.895214,18.129953,27.111066,24.184925,11.887684,13.142171,14.245574,12.930688,18.156677,27.148032,24.231912,11.980785,13.315056
13.525760,14.457577,18.385317,24.801506,21.489619,11.533111,15.516784,13.167852,14.119170,18.071118,24.472750,21.227842,11.392488,15.320917,12.998355,13.951684,17.887340,24.271824,21.051517,11.287047,15.217461,12.925529,13.905146,17.829000,24.215093,21.046863,11.300460,15.235165,12.955028,13.939014,17.880095,24.263807,21.068675,11.281784,15.165238,12.895969,13.859619,17.805138,24.215836,20.953193,11.218759,15.103708,12.855046,13.850722,17.791815,24.159990,20.973832,11.244390,15.153256,12.881935,13.871216,17.806399,24.178374,20.996243,11.291392,15.256137
13.304562,16.257424,23.154974,34.847381,23.342853,11.801737,14.828885,12.450473,15.520325,22.474649,34.155283,22.949570,11.605083,14.561431,12.216784,15.251863,22.141537,33.752465,22.681468,11.453334,14.420224,12.116409,15.175028,22.037476,33.634006,22.666924,11.470932,14.443046,12.153498,15.225976,22.124320,33.732138,22.702919,11.444783,14.348857,12.072042,15.098766,21.988129,33.626137,22.524890,11.353526,14.262727,12.015778,15.084305,21.962899,33.518505,22.554481,11.389109,14.326811,12.051060,15.114835,21.987900,33.552592,22.584392,11.452089,14.461695
14.363698,19.199678,34.401421,44.312271,26.853278, 9.765639,17.038104,13.669324,18.441848,33.453669,43.401814,26.354909, 9.580832,16.708387,13.396129,18.104394,32.934300,42.852417,26.018924, 9.442944,16.535281,13.279976,18.010552,32.768575,42.695474,26.004493, 9.458724,16.561874,13.323772,18.073839,32.904917,42.821128,26.047332, 9.434973,16.447749,13.231436,17.919601,32.700881,42.696841,25.831602, 9.353121,16.344543,13.166160,17.899919,32.659682,42.541572,25.865453, 9.384721,16.423408,13.206082,17.937255,32.695117,42.584921,25.903263, 9.443079,16.590043
10.418813,11.725405,16.943000,25.154927,26.615939, 8.981306,14.720397,14.143319,14.617146,19.535011,27.725083,28.903184, 9.777708,16.099008,15.499879,15.910900,21.012457,29.378622,30.598939,10.433043,16.867734,16.121487,16.301584,21.495718,29.884436,30.664874,10.344990,16.727276,15.878384,16.018138,21.059929,29.414776,30.416320,10.459419,17.254782,16.380265,16.672097,21.691303,29.874644,31.601068,10.878871,17.776013,16.761661,16.759068,21.824440,30.351319,31.398407,10.715074,17.390918,16.525233,16.594726,21.703408,30.198668,31.190370,10.422852,16.606809
15.451417,15.940688,25.684868,37.040956,26.047544,11.796838,16.693698,15.232663,15.721920,25.419855,36.740775,25.853234,11.710584,16.568699,15.116410,15.609886,25.266671,36.561614,25.725693,11.645140,16.500393,15.065844,15.578572,25.216813,36.510233,25.719502,11.651853,16.509901,15.085161,15.598277,25.254614,36.544362,25.732443,11.639634,16.462581,15.041743,15.543672,25.190015,36.504800,25.649636,11.600581,16.424915,15.015169,15.539319,25.181597,36.454651,25.664806,11.617366,16.457340,15.033811,15.553478,25.194203,36.471608,25.681263,11.646377,16.523421
13.327595,14.714851,28.577265,42.907275,27.380993,12.656965,16.673267,16.389816,16.873810,31.052736,45.238021,28.578270,13.203870,17.474046,17.202459,17.651981,32.271920,46.627261,29.438867,13.653230,17.911108,17.567701,17.887321,32.656104,47.058447,29.485325,13.595281,17.831490,17.430317,17.723782,32.314220,46.663516,29.358892,13.673530,18.131628,17.731224,18.119240,32.844064,47.087844,29.966005,13.957450,18.422256,17.947768,18.163949,32.942182,47.458216,29.857039,13.844913,18.210923,17.809485,18.066180,32.836969,47.324920,29.754824,13.652705,17.776516
14.799196,14.781141,17.995561,22.707028,21.479821,12.660693,15.399517,14.074902,14.218674,17.527170,22.279598,21.123919,12.452262,15.130425,13.822698,13.981746,17.276009,22.021519,20.881153,12.295437,14.989674,13.715056,13.915197,17.196550,21.947225,20.871196,12.314389,15.012670,13.755902,13.961276,17.264179,22.010299,20.903345,12.287389,14.919918,13.671069,13.852242,17.164878,21.947527,20.745563,12.193968,14.834027,13.609762,13.837926,17.144201,21.876333,20.770809,12.229557,14.898172,13.646985,13.864153,17.161645,21.896909,20.797871,12.295631,15.033990
 3.291283, 4.758962, 7.349752,12.378394,11.172516, 6.937503, 7.255861, 6.822700, 7.642273, 9.795365,14.832750,12.944642, 8.029169, 8.543410, 8.076289, 8.924393,11.188483,16.424118,14.311387, 9.005987, 9.306972, 8.685534, 9.336453,11.649029,16.935720,14.376880, 8.871275, 9.159165, 8.442727, 9.040756,11.228835,16.459059,14.174144, 9.049068, 9.713709, 8.971135, 9.767177,11.892766,16.977865,15.201005, 9.708786,10.250887, 9.348699, 9.838464,12.001092,17.426145,14.998217, 9.430155, 9.838923, 9.091089, 9.646113,11.856273,17.244086,14.807974, 8.974983, 9.037482
14.505870,13.216499,20.863689,25.303311,22.399889,12.396497,14.445245,14.000677,12.811430,20.408426,24.881766,22.060598,12.209883,14.217918,13.776308,12.619066,20.149783,24.624097,21.831847,12.071152,14.098221,13.680771,12.565796,20.066718,24.550909,21.822559,12.086994,14.116380,13.716979,12.601755,20.134616,24.608495,21.850707,12.062700,14.037177,13.640949,12.513906,20.033146,24.551470,21.704591,11.980494,13.966289,13.587343,12.502652,20.012688,24.478310,21.727548,12.012270,14.021047,13.620221,12.524034,20.030212,24.498650,21.753557,12.071448,14.136448
 6.376060, 8.367893,10.374237,15.673685,13.343951, 4.575003, 7.330756, 6.484216, 8.466178,10.450360,15.751132,13.401806, 4.597927, 7.367952, 6.518108, 8.505236,10.491671,15.800311,13.443894, 4.614606, 7.386058, 6.532210, 8.516309,10.504576,15.814726,13.444373, 4.611946, 7.382330, 6.526665, 8.507088,10.491359,15.797905,13.436452, 4.614349, 7.393339, 6.536058, 8.523306,10.505621,15.809614,13.463926, 4.624569, 7.406781, 6.545642, 8.527448,10.511208,15.825097,13.460878, 4.621414, 7.398425, 6.541030, 8.523798,10.509152,15.822100,13.456700, 4.614426, 7.379588
21.379808,22.212323,28.919879,41.307844,36.114421,17.842109,23.528584,20.975646,21.734734,28.420424,40.719497,35.628396,17.607769,23.215217,20.690355,21.458155,28.112607,40.353962,35.307121,17.436203,23.046539,20.568515,21.382581,28.009499,40.250605,35.290062,17.451912,23.066366,20.612182,21.427670,28.082921,40.314103,35.324311,17.421246,22.955346,20.514427,21.304436,27.965318,40.250312,35.126897,17.320942,22.861956,20.448772,21.288857,27.942239,40.140295,35.154904,17.359855,22.937026,20.488206,21.318067,27.960189,40.165733,35.189770,17.432170,23.095166
17.558854,17.758736,22.229301,31.725981,24.802179,16.139063,17.558190,15.581768,16.287600,21.001661,30.505829,23.982056,15.617844,16.942222,15.019377,15.741286,20.393513,29.801842,23.432159,15.223819,16.622496,14.780581,15.586843,20.205413,29.597101,23.407819,15.272010,16.676585,14.871609,15.693606,20.367625,29.773993,23.481433,15.204172,16.463376,14.678972,15.436686,20.120581,29.589689,23.117608,14.969301,16.269791,14.545214,15.407572,20.075259,29.402155,23.180074,15.061969,16.416232,14.630387,15.470631,20.122070,29.463745,23.244054,15.228175,16.725750
16.599113,16.622198,18.077831,23.788408,28.449735,13.271587,17.485820,15.495921,15.767183,17.439792,23.186768,27.825325,12.980306,17.079494,15.125608,15.416510,17.103952,22.826517,27.401296,12.762144,16.867964,14.968435,15.318270,16.997939,22.722806,27.382703,12.787981,16.901855,15.027326,15.385390,17.087211,22.809866,27.439286,12.750753,16.763247,14.903844,15.225468,16.955591,22.723451,27.165038,12.621202,16.634490,14.814524,15.204159,16.927763,22.623703,27.207838,12.670187,16.729902,14.868189,15.242250,16.950502,22.651739,27.254144,12.761195,16.932892
 5.025286, 5.164797, 6.108335, 9.001360, 9.379993, 6.314434, 5.472447, 4.893631, 5.038317, 5.998152, 8.878563, 9.262703, 6.235210, 5.399198, 4.825814, 4.973454, 5.933174, 8.802322, 9.183727, 6.176641, 5.360290, 4.796864, 4.955550, 5.911891, 8.780672, 9.180059, 6.182794, 5.365629, 4.807505, 4.967045, 5.928340, 8.796239, 9.189264, 6.172413, 5.340037, 4.784591, 4.937885, 5.903292, 8.780703, 9.139732, 6.137933, 5.317456, 4.768521, 4.933994, 5.898071, 8.758624, 9.147047, 6.151047, 5.334915, 4.778110, 4.940910, 5.902070, 8.764153, 9.155626, 6.175706, 5.371798
 4.184133, 5.384405,10.303041,14.276929,11.877910, 6.284285, 7.803930, 7.512767, 8.032939,13.151797,16.798329,13.623577, 7.227445, 9.073975, 8.769385, 9.264572,14.827334,18.460509,14.965132, 8.049316, 9.816342, 9.372062, 9.653361,15.385475,18.986113,15.021716, 7.936191, 9.675805, 9.132268, 9.371687,14.878519,18.496848,14.823332, 8.084094,10.204473, 9.639154,10.042359,15.644975,19.000873,15.805012, 8.631048,10.723375,10.014679,10.119934,15.788037,19.482245,15.622916, 8.407617,10.330637, 9.769504, 9.945537,15.629729,19.307971,15.443983, 8.027571, 9.555494
15.685483,17.914384,26.829615,41.747215,31.470933,20.144899,18.480122,15.735153,18.039004,26.984568,41.964533,31.636275,20.256262,18.586167,15.823545,18.128085,27.098720,42.106209,31.750247,20.333922,18.636398,15.859433,18.150975,27.132478,42.142968,31.741885,20.317485,18.622151,15.840423,18.124459,27.087594,42.085662,31.721693,20.329010,18.654933,15.865771,18.164018,27.130316,42.119205,31.798130,20.376811,18.691423,15.890438,18.171657,27.142601,42.164025,31.783428,20.357575,18.662603,15.874699,18.159206,27.132074,42.148081,31.764973,20.317180,18.601983
 8.911127,10.364057,17.920666,28.561512,20.940055, 9.418578,10.700307, 9.383832,10.751480,18.336912,29.007758,21.220930, 9.549467,10.861907, 9.529967,10.903901,18.556044,29.281332,21.421135, 9.650109,10.945385, 9.592818,10.947673,18.624193,29.361550,21.426226, 9.635543,10.928964, 9.567740,10.913642,18.558215,29.278125,21.393851, 9.651630,10.983466, 9.615576,10.984467,18.644749,29.351414,21.528934, 9.713644,11.040064, 9.654423,10.995652,18.666230,29.429157,21.507524, 9.690678,11.000092, 9.631645,10.978238,18.650213,29.406280,21.484421, 9.647218,10.915256
15.415758,20.231867,18.501014,30.036812,21.914105, 9.155967,14.727673,14.278646,19.137528,17.822383,29.276168,21.434576, 8.953321,14.386452,13.938577,18.718297,17.481028,28.829442,21.110079, 8.799650,14.207468,13.793545,18.599691,17.373505,28.698891,21.092852, 8.817026,14.235282,13.846524,18.677657,17.461603,28.804185,21.135005, 8.790396,14.116996,13.730565,18.483491,17.325221,28.692736,20.923490, 8.698931,14.008912,13.649387,18.459800,17.298505,28.571871,20.957385, 8.733975,14.089062,13.699045,18.505798,17.322416,28.607501,20.992484, 8.797269,14.258832
16.078194,16.953425,22.753770,30.086184,27.344275,12.737021,16.299595,15.011183,16.042554,21.902817,29.261733,26.682068,12.429990,15.885645,14.620622,15.654975,21.449848,28.772837,26.238744,12.200548,15.669013,14.454981,15.547105,21.306653,28.632830,26.219643,12.227071,15.703003,14.517843,15.620276,21.425680,28.746535,26.276632,12.187719,15.559559,14.384940,15.441571,21.245740,28.632741,25.989946,12.051380,15.430674,14.292367,15.420127,21.211314,28.496172,26.036535,12.104937,15.529950,14.350245,15.463941,21.243771,28.536464,26.087568,12.202353,15.739254
13.852684,13.904543,23.848065,35.992307,24.769235,11.056796,15.080967,13.906095,13.832056,23.696347,35.740003,24.577672,10.966562,14.963094,13.797550,13.733009,23.555140,35.556752,24.445438,10.904639,14.902539,13.752500,13.707694,23.506873,35.509560,24.444760,10.912192,14.911215,13.770645,13.726901,23.547363,35.548274,24.461670,10.902067,14.874329,13.739828,13.688626,23.502038,35.525628,24.385145,10.866700,14.838418,13.712847,13.679630,23.485914,35.465262,24.393110,10.878373,14.865431,13.726129,13.688347,23.490542,35.473878,24.406509,10.905297,14.924443
28.211062,29.597779,37.434702,61.336413,46.981480,27.155374,29.163009,27.227998,28.795518,36.736128,60.514936,46.430197,26.847380,28.808681,26.887671,28.458871,36.366058,60.019571,46.054948,26.613793,28.620007,26.741601,28.363936,36.246953,59.875875,46.033532,26.638321,28.646835,26.793969,28.423769,36.339799,59.982715,46.080158,26.597470,28.522554,26.677224,28.269285,36.193703,59.868492,45.839389,26.458729,28.410666,26.596117,28.249809,36.164311,59.730689,45.875734,26.511250,28.494237,26.644701,28.285716,36.188310,59.767503,45.915054,26.607051,28.670946
10.677928,14.161695,19.855772,28.846672,19.889535, 6.657353,12.818004,11.378886,14.799289,20.418182,29.396421,20.215112, 6.774348,13.050396,11.591234,15.049367,20.714314,29.734999,20.448141, 6.864778,13.171119,11.683156,15.121666,20.806925,29.835094,20.454821, 6.851842,13.147650,11.646973,15.066245,20.718373,29.732722,20.417887, 6.866585,13.226599,11.716828,15.182849,20.835810,29.825058,20.575272, 6.922240,13.308373,11.773466,15.201317,20.865015,29.919965,20.550253, 6.901830,13.251121,11.740504,15.173064,20.843685,29.892160,20.523987, 6.863143,13.129533
 8.087946, 8.189134,12.398209,14.249664,18.601203, 5.623885, 8.769287, 7.768506, 7.898926,12.084940,13.969548,18.270712, 5.515604, 8.601353, 7.615889, 7.755251,11.901591,13.796190,18.047173, 5.435950, 8.513818, 7.551180, 7.715664,11.842743,13.747291,18.039837, 5.445537, 8.527675, 7.576180, 7.743465,11.892404,13.787907,18.068425, 5.431797, 8.470288, 7.525758, 7.678794,11.821758,13.750166,17.926139, 5.384696, 8.417706, 7.488805, 7.669705,11.806276,13.700276,17.948043, 5.402593, 8.457883, 7.510973, 7.685450,11.818301,13.713621,17.973451, 5.436783, 8.543137
16.452755,15.747404,18.214980,23.110854, 7.074704, 3.101821,15.279933,16.371398,15.686486,18.161796,23.070983, 7.065875, 3.099903,15.272261,16.358904,15.670413,18.147577,23.055012, 7.062188, 3.097580,15.262025,16.351684,15.664991,18.140098,23.048115, 7.058412, 3.095949,15.256392,16.348077,15.656970,18.131129,23.032239, 7.056326, 3.094939,15.248072,16.336603,15.647642,18.122834,23.033556, 7.055224, 3.093892,15.249964,16.338773,15.650450,18.126077,23.030323, 7.055069, 3.094590,15.250663,16.338452,15.651055,18.125881,23.029961, 7.054489, 3.094412,15.250614
24.692257,27.124829,34.260114,45.980586,34.384456,18.862761,25.253884,22.289588,25.077613,32.483174,44.252804,33.245535,18.245947,24.375490,21.495787,24.251180,31.557414,43.232182,32.480232,17.788084,23.923549,21.161777,24.021368,31.268943,42.940499,32.451248,17.844589,23.999310,21.290047,24.183463,31.519418,43.195618,32.554936,17.767212,23.702721,21.027165,23.806380,31.155665,42.946943,32.058417,17.496008,23.427968,20.837428,23.757555,31.080806,42.666637,32.138729,17.600180,23.633891,20.953718,23.849239,31.146356,42.749736,32.225488,17.793326,24.072261
16.205297,16.581391,20.974834,28.429311,26.035521,13.929133,16.128534,15.103484,15.757144,20.286455,27.781386,25.523978,13.656027,15.788058,14.774574,15.437701,19.932742,27.389177,25.169738,13.450157,15.611062,14.634979,15.347640,19.820979,27.276025,25.152004,13.474191,15.638973,14.685693,15.408030,19.914359,27.371622,25.201933,13.439857,15.525185,14.578561,15.265154,19.778816,27.277042,24.973932,13.317680,15.415219,14.498086,15.243672,19.746505,27.168307,25.006203,13.361335,15.492509,14.543551,15.275911,19.767933,27.195508,25.041314,13.444384,15.659216
14.664388,14.555668,18.062469,24.562958,23.450268,13.843756,15.410990,13.985322,14.012401,17.593347,24.096832,23.056565,13.614973,15.140528,13.733473,13.777068,17.340061,23.816858,22.790834,13.443182,14.998087,13.625918,13.711160,17.259316,23.736157,22.778761,13.462788,15.020025,13.666186,13.755252,17.325501,23.800428,22.812073,13.432745,14.925549,13.580187,13.646603,17.224853,23.734684,22.640424,13.330619,14.840537,13.519955,13.633196,17.205129,23.656926,22.668008,13.370199,14.905390,13.557111,13.659463,17.222799,23.679421,22.697896,13.442661,15.042058
13.478872,16.123885,23.497488,33.616260,24.966303,11.534780,14.206794,13.176940,15.715636,23.024935,33.054803,24.566287,11.348909,13.974801,12.958031,15.475272,22.726890,32.701198,24.299000,11.213652,13.851855,12.865233,15.410096,22.628524,32.603080,24.288515,11.227889,13.868428,12.900224,15.452650,22.704588,32.672757,24.319920,11.204417,13.788119,12.827185,15.346417,22.592024,32.608986,24.154595,11.125093,13.717835,12.775628,15.331663,22.567816,32.502073,24.178066,11.155437,13.773502,12.806272,15.357261,22.585521,32.527210,24.207959,11.213480,13.891385
14.412779,15.193752,23.354855,34.464708,27.999575,13.490234,14.555060,13.394694,14.353736,22.475361,33.539385,27.347715,13.183470,14.200027,13.058541,14.017958,22.028743,33.007153,26.917154,12.950658,14.011378,12.914703,13.923170,21.887380,32.851508,26.893572,12.975588,14.039278,12.967997,13.983744,21.999199,32.967825,26.945460,12.934453,13.911594,12.848057,13.823870,21.815208,32.839979,26.663237,12.795217,13.801981,12.769896,13.808195,21.785804,32.693312,26.711573,12.852236,13.888910,12.821322,13.847932,21.820571,32.740639,26.762933,12.951223,14.070172
19.030936,19.304253,21.676871,30.245689,25.772766,12.901834,18.446015,18.554748,18.779197,21.212520,29.704131,25.325403,12.671931,18.114038,18.218891,18.466012,20.907968,29.350406,25.018363,12.507368,17.944076,18.078277,18.381796,20.809246,29.253744,25.012635,12.528436,17.971779,18.133910,18.444658,20.895745,29.339534,25.053939,12.500968,17.863915,18.030726,18.311530,20.785976,29.270572,24.863999,12.404760,17.759598,17.947531,18.287533,20.755635,29.164797,24.889819,12.438862,17.836712,17.993415,18.319057,20.772058,29.188058,24.922866,12.509471,18.003169
15.240586,16.379806,23.415380,28.660964,24.425324,13.161316,15.289429,14.196886,15.562737,22.646512,28.013707,23.959516,12.917161,14.982130,13.902116,15.261295,22.271501,27.642242,23.647448,12.729086,14.818603,13.775225,15.175034,22.153416,27.532013,23.628491,12.749367,14.843288,13.821160,15.229684,22.247319,27.616241,23.666949,12.715934,14.732912,13.716114,15.085502,22.091986,27.520225,23.460500,12.603225,14.636011,13.646734,15.070919,22.066210,27.421431,23.495854,12.648349,14.710152,13.691512,15.105825,22.095045,27.453723,23.531237,12.726435,14.865171
10.977352,11.835717,15.273906,22.170534,23.103324,11.878054,12.615539,12.674353,13.034473,16.215792,23.039506,23.832728,12.250185,13.057634,13.130496,13.469446,16.682443,23.555383,24.352003,12.551037,13.295776,13.333302,13.599440,16.828479,23.713460,24.376193,12.511036,13.251382,13.255375,13.506620,16.695732,23.564640,24.298981,12.562761,13.414103,13.421102,13.724896,16.896020,23.719029,24.662917,12.751637,13.571789,13.541559,13.750253,16.933880,23.857782,24.597699,12.676672,13.456282,13.464607,13.695727,16.893768,23.808160,24.534752,12.546783,13.217665
13.726509,11.757614,21.798552,23.280805,21.117451,10.902137,14.551601,12.810119,11.212623,21.168405,22.843289,20.799735,10.746226,14.324297,12.599266,11.035099,20.888223,22.601472,20.588799,10.622100,14.199451,12.507006,10.982951,20.798708,22.526666,20.568243,10.632193,14.214543,12.536601,11.010402,20.859625,22.572181,20.591034,10.609087,14.129160,12.457209,10.923447,20.739918,22.507832,20.450986,10.534650,14.058158,12.409425,10.916532,20.723526,22.445977,20.474745,10.564779,14.112101,12.440722,10.936562,20.744793,22.466317,20.496419,10.613342,14.224099
30.328691,37.606539,45.702903,63.157753,47.354012,29.009956,29.448483,26.234560,34.020128,42.840350,60.473952,45.676344,28.023225,28.341547,25.218190,32.798303,41.500339,58.966929,44.557507,27.267114,27.764354,24.785615,32.449789,41.089658,58.523125,44.499255,27.357152,27.861310,24.948200,32.684534,41.439376,58.899451,44.648355,27.226398,27.472915,24.592177,32.099534,40.883001,58.485889,43.898664,26.773919,27.125510,24.353412,32.040742,40.790500,58.094636,44.031900,26.956079,27.389430,24.509650,32.184692,40.899133,58.232439,44.163263,27.272597,27.944636
 6.694147, 7.401718,11.881681,21.930517,20.484741, 8.499330,10.381563,11.518101,10.874065,15.152378,25.791599,23.484077, 9.767341,12.065293,13.411601,12.532968,17.109021,28.360074,25.793596,10.869614,13.051562,14.320591,13.055650,17.765545,29.171280,25.890780,10.719603,12.867967,13.960256,12.678635,17.174702,28.425283,25.552109,10.918119,13.568389,14.720867,13.576395,18.063320,29.185899,27.232389,11.650977,14.256505,15.287944,13.683577,18.233453,29.938215,26.925790,11.353437,13.735910,14.921515,13.451201,18.053159,29.675097,26.620921,10.844047,12.707800
 1.911417, 2.895933, 5.758491,10.341058, 9.139793, 4.327687, 5.432168, 4.413041, 4.954807, 7.861836,12.588180,10.757451, 5.135846, 6.531457, 5.360689, 5.916649, 9.106437,14.077977,12.021254, 5.861647, 7.187556, 5.824720, 6.226892, 9.521444,14.555544,12.074720, 5.758750, 7.058487, 5.636817, 5.999962, 9.137868,14.102640,11.884773, 5.890876, 7.535673, 6.037048, 6.546335, 9.730084,14.582046,12.836071, 6.384151, 8.002746, 6.328739, 6.603261, 9.831435,15.011278,12.650201, 6.176853, 7.644052, 6.131264, 6.457661, 9.702389,14.840914,12.471614, 5.833663, 6.947966
18.754283,18.393974,23.414405,37.733521,29.805319,17.655130,17.339464,17.140712,17.199176,22.389326,36.573969,29.013082,17.197103,16.850759,16.646666,16.736770,21.870976,35.898592,28.481550,16.851156,16.595567,16.436388,16.606340,21.708900,35.701975,28.456864,16.892029,16.637087,16.515574,16.694911,21.845516,35.866079,28.526127,16.832130,16.467148,16.346137,16.478549,21.636092,35.695092,28.177144,16.625977,16.313481,16.228593,16.453635,21.597265,35.512992,28.236042,16.707069,16.430065,16.302791,16.506447,21.636003,35.570516,28.296969,16.852562,16.675905
11.912231,12.530193,18.073449,23.475802,21.479098,11.773458,11.677973,10.581207,11.554082,17.175371,22.709864,20.908269,11.471717,11.345073,10.266207,11.231886,16.768428,22.283946,20.528547,11.236657,11.167568,10.130639,11.138787,16.641193,22.155246,20.500170,11.260225,11.193187,10.177599,11.194625,16.738640,22.249246,20.546479,11.218292,11.073324,10.064168,11.039628,16.568371,22.134561,20.293890,11.077690,10.969031, 9.991431,11.025266,16.541913,22.024756,20.337407,11.134091,11.047660,10.038610,11.062013,16.573377,22.061583,20.378625,11.228762,11.212342
17.267115,17.615146,35.245208,52.049514,39.392187,14.597739,17.111768,17.847242,18.033678,35.763884,52.570064,39.726822,14.726609,17.278598,18.021239,18.192921,36.035205,52.879819,39.963824,14.826135,17.362332,18.095787,18.238508,36.114404,52.969340,39.959679,14.807524,17.340439,18.061058,18.195370,36.019690,52.849926,39.917636,14.823206,17.397268,18.119120,18.274347,36.134501,52.950313,40.087739,14.885862,17.457096,18.166869,18.284847,36.158695,53.033412,40.052897,14.860187,17.412194,18.135012,18.262547,36.131181,52.997326,40.017727,14.812758,17.319072
 8.159656,10.630284,10.499142,15.329823,13.742249, 7.477943, 9.014225, 8.032706,10.416858,10.323494,15.108594,13.544611, 7.364349, 8.876903, 7.908681,10.272992,10.200034,14.960229,13.407967, 7.283803, 8.807083, 7.857002,10.234823,10.159978,14.920507,13.406880, 7.294682, 8.818988, 7.878125,10.264788,10.196383,14.957747,13.425836, 7.281496, 8.775096, 7.841000,10.204690,10.152854,14.930121,13.341857, 7.234433, 8.731700, 7.809849,10.192985,10.139908,14.884862,13.353004, 7.250893, 8.763788, 7.826759,10.207384,10.146321,14.894419,13.367947, 7.286015, 8.833178
18.493179,18.681011,20.131644,27.315417,22.683532,13.800456,14.731631,16.376283,17.161838,19.058168,26.327094,21.989648,13.383990,14.244018,15.823681,16.623515,18.537401,25.753961,21.517014,13.066720,13.991388,15.589114,16.470653,18.377039,25.587492,21.495220,13.106078,14.034886,15.677917,16.576782,18.517176,25.735776,21.562810,13.053039,13.868478,15.491271,16.325763,18.307926,25.583913,21.249315,12.863246,13.712339,15.357968,16.294882,18.266230,25.430621,21.300669,12.936016,13.826673,15.440164,16.355068,18.304736,25.478481,21.353363,13.067861,14.070046
 8.366292, 8.724348,10.725438,15.440995,14.173863, 8.529769, 8.509416, 8.162416, 8.526964,10.546402,15.241933,14.003659, 8.426359, 8.401711, 8.056744, 8.424445,10.439081,15.115496,13.887384, 8.350486, 8.344994, 8.011876, 8.396307,10.403798,15.079873,13.882112, 8.358546, 8.352769, 8.028136, 8.414556,10.431316,15.106303,13.896401, 8.345431, 8.316391, 7.993945, 8.370045,10.391541,15.081359,13.824565, 8.301077, 8.282853, 7.968554, 8.363040,10.381822,15.044444,13.834150, 8.316976, 8.307627, 7.982670, 8.373114,10.387481,15.052412,13.845722, 8.348153, 8.360728
 8.551997, 8.564500, 9.268026,14.260792,15.510966, 5.294578, 8.638200, 7.873454, 8.090306, 8.937073,13.930978,15.217163, 5.188565, 8.458464, 7.702183, 7.925536, 8.779769,13.739952,15.015919, 5.106155, 8.363025, 7.628600, 7.878168, 8.730464,13.683643,15.002897, 5.115083, 8.377550, 7.654861, 7.908089, 8.770054,13.728169,15.030528, 5.101142, 8.314521, 7.595206, 7.830666, 8.706323,13.678968,14.897543, 5.051620, 8.256614, 7.554245, 7.821665, 8.694170,13.627436,14.918268, 5.070551, 8.298814, 7.579266, 7.839632, 8.705312,13.642567,14.939391, 5.103874, 8.388213
16.999131,17.525471,18.798361,24.514036,23.499099,10.463560,15.589355,16.332995,16.962714,18.371201,24.110301,23.159909,10.314371,15.359433,16.085793,16.721235,18.146174,23.869942,22.933411,10.202012,15.235972,15.979931,16.653505,18.072653,23.799676,22.917757,10.212117,15.250999,16.015991,16.692578,18.125152,23.844809,22.943220,10.192030,15.169479,15.930141,16.582591,18.036703,23.793587,22.800457,10.125793,15.098943,15.873057,16.569593,18.020038,23.725818,22.821357,10.151155,15.152642,15.907343,16.594846,18.033958,23.743004,22.844374,10.196499,15.265953
13.018793,14.332957,21.286363,26.337575,32.475703,13.098517,15.222003,11.940964,13.428684,20.385269,25.541804,31.630733,12.756608,14.796436,11.594426,13.068847,19.920263,25.072030,31.060386,12.500112,14.575649,11.447665,12.968124,19.774990,24.936761,31.036658,12.531235,14.612268,11.503499,13.038127,19.899794,25.053147,31.113030,12.487505,14.466626,11.387029,12.872217,19.715007,24.936560,30.741075,12.334930,14.332301,11.303955,12.851497,19.678150,24.808566,30.802063,12.393885,14.433059,11.355274,12.891800,19.711642,24.847286,30.866563,12.501806,14.646453
10.018030, 9.763697,12.306847,16.399637,19.937715, 8.976596, 8.838946, 8.994781, 9.034416,11.704491,15.854538,19.387802, 8.728809, 8.570674, 8.715337, 8.771986,11.414238,15.544844,19.020924, 8.539011, 8.429751, 8.595922, 8.697268,11.324283,15.453580,19.001603, 8.561029, 8.452686, 8.640534, 8.746967,11.399416,15.528459,19.048589, 8.527722, 8.357529, 8.541937, 8.621232,11.278871,15.445768,18.804102, 8.414017, 8.273171, 8.476137, 8.608641,11.259018,15.364398,18.847465, 8.459968, 8.337927, 8.519256, 8.639701,11.282351,15.392586,18.890644, 8.539797, 8.473479
11.027134,11.494746,13.859100,20.735422,22.694745,13.938828,14.996596,13.583936,13.362800,15.283057,22.147846,23.982030,14.715199,15.912875,14.437727,14.142425,16.052065,23.019833,24.907415,15.343610,16.415372,14.821882,14.374555,16.298798,23.284976,24.945438,15.260974,16.324355,14.672152,14.208030,16.077790,23.042578,24.813959,15.370996,16.669910,14.986605,14.600441,16.407564,23.287323,25.457355,15.767951,17.001199,15.216176,14.647200,16.470585,23.531624,25.342854,15.609115,16.752070,15.069247,14.547505,16.405195,23.447988,25.227446,15.330836,16.243138
11.513261,12.213662,15.742785,21.875114,24.886501,10.499262,13.314389,12.040635,12.589067,16.039607,22.141344,25.132905,10.605993,13.463305,12.179165,12.722161,16.186009,22.299013,25.307810,10.689494,13.540177,12.239018,12.760944,16.230580,22.346083,25.312402,10.676939,13.524122,12.214849,12.730396,16.186022,22.295361,25.283682,10.690444,13.575292,12.261587,12.794507,16.246275,22.342318,25.405188,10.742389,13.627961,12.298426,12.803445,16.259661,22.385181,25.383980,10.722438,13.590477,12.275729,12.787275,16.247509,22.370366,25.362674,10.686082,13.511536
16.111968,17.452170,25.539307,34.231710,27.030493,13.579813,16.794380,15.393763,16.857686,24.950649,33.671306,26.646456,13.391013,16.545733,15.158826,16.617803,24.647661,33.341709,26.388325,13.246917,16.412947,15.057682,16.549689,24.550850,33.244996,26.373311,13.262123,16.432168,15.094301,16.592556,24.626464,33.316565,26.404511,13.236489,16.343062,15.011348,16.479502,24.503202,33.237184,26.236275,13.150398,16.264939,14.955842,16.467111,24.481392,33.146694,26.263711,13.184381,16.324955,14.990860,16.494274,24.503305,33.173883,26.292596,13.244464,16.450724
10.368889,10.673700,12.300399,22.233183,18.832265, 8.436729,10.975968,10.722026,10.887495,12.437724,22.367408,18.913033, 8.473674,11.033150,10.779961,10.941751,12.492268,22.438976,18.971087, 8.504560,11.062202,10.805181,10.958374,12.507607,22.461737,18.973000, 8.499253,11.054816,10.794824,10.944657,12.490204,22.433328,18.961819, 8.504067,11.074782,10.815390,10.973026,12.514771,22.462048,19.006100, 8.523982,11.096257,10.831166,10.976057,12.519225,22.478714,18.996830, 8.515869,11.081516,10.820588,10.968645,12.513391,22.470175,18.989128, 8.502514,11.050865
 8.166160, 9.341047,11.130258,16.829689, 7.498209, 3.788804, 9.274405, 9.155570,10.312052,11.938638,17.733087, 7.887120, 4.002421, 9.761579, 9.641313,10.809825,12.432113,18.314070, 8.163962, 4.167572,10.022917, 9.855084,10.951903,12.591961,18.482694, 8.169493, 4.144783, 9.975165, 9.767831,10.843171,12.444761,18.323365, 8.130885, 4.173304,10.151387, 9.936197,11.080726,12.644573,18.463909, 8.316133, 4.275740,10.321750,10.065919,11.114635,12.688809,18.636017, 8.285095, 4.235678,10.191278, 9.985660,11.053188,12.650789,18.583929, 8.250008, 4.160583, 9.921947
 8.303504,11.649148,16.415568,29.431304,26.764737,14.014299,13.177674,12.893717,15.888676,20.052904,33.679849,29.994838,15.688201,14.924820,14.643944,17.855187,22.179254,36.462504,32.441373,17.110543,15.926565,15.466884,18.462713,22.883569,37.328538,32.540445,16.917747,15.740914,15.142202,18.022580,22.247601,36.527161,32.182895,17.170845,16.442799,15.822053,19.057655,23.190486,37.333050,33.933105,18.101613,17.133633,16.331569,19.185477,23.376542,38.139593,33.619866,17.728568,16.615143,16.006390,18.919753,23.188303,37.864007,33.305401,17.080479,15.579652
21.062453,21.260817,27.805055,44.250549,36.258113,19.206368,19.058894,20.170324,20.564367,27.182559,43.545551,35.756414,18.948542,18.782637,19.871795,20.279810,26.859105,43.129703,35.418497,18.751553,18.635300,19.743320,20.199254,26.756284,43.008636,35.400622,18.773196,18.657571,19.790990,20.251502,26.838856,43.101701,35.442448,18.738547,18.558625,19.685532,20.116827,26.706733,43.000581,35.221274,18.620613,18.471628,19.614796,20.102328,26.683691,42.886670,35.258220,18.667636,18.539053,19.660007,20.135174,26.707806,42.921950,35.297068,18.750739,18.679840
31.485923,27.949641,29.446130,37.694430,32.792659,20.450736,28.364665,27.477105,25.429054,27.709513,36.196639,31.711388,19.798039,27.372790,26.491024,24.575458,26.896018,35.354147,30.985977,19.295665,26.856905,26.070954,24.331712,26.648788,35.106863,30.952401,19.358772,26.948551,26.232720,24.501827,26.867369,35.327670,31.052209,19.272584,26.600388,25.886883,24.089698,26.526924,35.089229,30.561332,18.970430,26.285475,25.652673,24.048582,26.470546,34.872145,30.650915,19.092889,26.525011,25.807652,24.151537,26.539062,34.952122,30.738573,19.305852,27.027495
32.283462,35.830753,40.841072,56.762494,45.873902,33.194903,43.729125,42.475515,43.200443,45.986743,61.348777,48.873814,35.270075,46.777639,45.521589,46.080033,48.655289,64.144425,51.051990,36.997600,48.474429,46.912868,46.957113,49.508473,65.013096,51.160673,36.772586,48.163930,46.377799,46.341245,48.747975,64.222837,50.846350,37.077325,49.345685,47.540252,47.837854,49.930146,65.067102,52.396793,38.182737,50.476027,48.369029,47.999093,50.138886,65.829756,52.110451,37.733741,49.630332,47.826895,47.619378,49.897720,65.548540,51.837149,36.973107,47.917314
13.129628,13.860617,14.842923,21.014641,26.144060, 7.660714,13.025409,12.785955,13.594825,14.653537,20.832790,25.955920, 7.604257,12.925024,12.684360,13.493902,14.559162,20.726552,25.827823, 7.559968,12.870821,12.640289,13.465052,14.529559,20.695656,25.820391, 7.564849,12.879271,12.656702,13.483605,14.553517,20.719553,25.836496, 7.557046,12.842468,12.619614,13.434459,14.513744,20.691753,25.751065, 7.530305,12.810422,12.595634,13.429926,14.507573,20.663661,25.766049, 7.541190,12.835404,12.611567,13.442026,14.515203,20.673289,25.781057, 7.559882,12.886995
15.123513,14.736799,19.124823,25.021834,24.888542,13.511798,14.630106,14.394451,14.169798,18.617732,24.541238,24.469772,13.287675,14.370956,14.133922,13.930241,18.348373,24.255036,24.187552,13.118624,14.234299,14.022610,13.863043,18.262883,24.172457,24.174566,13.137975,14.255585,14.064463,13.908072,18.333304,24.238650,24.210371,13.108590,14.164693,13.974793,13.796631,18.225367,24.170600,24.027011,13.007805,14.083136,13.912621,13.783452,18.204965,24.091262,24.057021,13.047343,14.145727,13.951539,13.810643,18.224390,24.114929,24.089272,13.118912,14.277281
 9.768032,10.959797,13.326588,18.003670,13.804572,10.469935,11.784319,11.017459,12.001577,14.154906,18.785374,14.333462,10.870206,12.268708,11.479626,12.462192,14.622303,19.277945,14.712977,11.182219,12.525739,11.682507,12.595396,14.771046,19.422857,14.722291,11.138007,12.476659,11.600882,12.493073,14.630620,19.279034,14.665157,11.190334,12.647963,11.758577,12.712599,14.819701,19.408401,14.922180,11.384054,12.819750,11.882930,12.745055,14.863488,19.549920,14.879602,11.310204,12.693824,11.807754,12.689837,14.827820,19.506814,14.833734,11.172052,12.431191
 2.999362, 5.274745, 7.651924,11.597159, 9.737376, 5.857732, 5.727533, 5.841512, 8.139056,10.037664,13.862363,11.318636, 6.820923, 6.782121, 6.938310, 9.491335,11.455631,15.363660,12.541503, 7.669146, 7.403925, 7.468750, 9.921178,11.929075,15.840568,12.591908, 7.550996, 7.284616, 7.255875, 9.607943,11.496304,15.394262,12.411635, 7.704962, 7.731532, 7.706337,10.356203,12.154723,15.857883,13.315063, 8.274029, 8.168910, 8.038032,10.439438,12.273418,16.292463,13.143476, 8.038589, 7.834852, 7.818066,10.242398,12.134412,16.129288,12.976006, 7.641864, 7.180764
 6.884786, 7.691308,10.918666,19.671419,22.439159, 6.947427,11.545441, 9.711584, 9.980138,12.957898,22.148660,24.859615, 7.742723,12.912047,10.898251,11.100963,14.192412,23.792356,26.680806, 8.399983,13.680908,11.446806,11.439288,14.601141,24.292181,26.737718, 8.308932,13.537724,11.227416,11.186890,14.226500,23.818696,26.469937, 8.423824,14.066310,11.667346,11.754465,14.752595,24.264214,27.742088, 8.847547,14.593964,12.009131,11.833524,14.867745,24.749384,27.524741, 8.682027,14.200449,11.797935,11.688712,14.766784,24.596981,27.295751, 8.382829,13.405261
 9.063220, 9.400168,11.498356,18.058687,16.097502, 7.800841, 9.443364, 9.305447, 9.599801,11.659987,18.234272,16.235164, 7.870697, 9.532617, 9.395530, 9.685467,11.748769,18.344807,16.333122, 7.922626, 9.578212, 9.433365, 9.709332,11.777071,18.376340,16.336303, 7.915905, 9.570462, 9.419029, 9.691717,11.751519,18.345856,16.319911, 7.923553, 9.598709, 9.446390, 9.728276,11.783378,18.369021,16.382504, 7.955059, 9.629286, 9.470029, 9.735541,11.793238,18.403523,16.375131, 7.944318, 9.608524, 9.457724, 9.727169,11.788524,18.396560,16.365326, 7.922731, 9.563259
13.880234,12.000492,13.960151,22.711167,23.619707, 8.658209,12.763565,14.410541,12.266571,14.129751,22.856243,23.722535, 8.696681,12.831271,14.490124,12.330480,14.194411,22.933907,23.797543, 8.729045,12.865853,14.524844,12.350367,14.213076,22.959318,23.802425, 8.724177,12.858140,14.512276,12.335753,14.194118,22.930880,23.788255, 8.729295,12.881252,14.539796,12.367969,14.222164,22.961185,23.844097, 8.749934,12.906837,14.561391,12.372073,14.228115,22.979281,23.833961, 8.742282,12.890781,14.548287,12.364509,14.222327,22.971690,23.826077, 8.729582,12.856528
12.723058,12.480700,13.984733,20.058962,18.002818, 9.225889,12.824334,12.405115,12.145832,13.688973,19.721331,17.719705, 9.082301,12.624395,12.207063,11.962849,13.513464,19.513626,17.533417, 8.977147,12.516441,12.122588,11.912772,13.454368,19.454242,17.521364, 8.985738,12.527784,12.151246,11.940571,13.494017,19.487321,17.540035, 8.966593,12.457006,12.083425,11.859804,13.427371,19.451375,17.426788, 8.905551,12.398007,12.038591,11.849600,13.414292,19.389621,17.442184, 8.928802,12.444630,12.064924,11.868087,13.423820,19.403150,17.461054, 8.971792,12.543295
14.129103,14.908833,16.019202,21.324024,19.948235,12.166069,15.769496,14.422535,15.108668,16.148946,21.423334,20.013974,12.201539,15.822913,14.474271,15.160374,16.196966,21.470291,20.054967,12.231642,15.852817,14.497287,15.176385,16.211650,21.486393,20.059985,12.229274,15.848870,14.489825,15.168162,16.201591,21.476426,20.055693,12.235044,15.871294,14.512392,15.197227,16.225365,21.491833,20.086197,12.254360,15.888659,14.524041,15.197649,16.226450,21.503644,20.079323,12.244865,15.873909,14.514365,15.189858,16.220757,21.497314,20.073384,12.232043,15.844696
14.971005,15.775558,18.489730,27.218950,24.531134,15.635592,17.196652,16.170464,16.713831,19.212040,27.961571,25.113526,16.007047,17.638584,16.593303,17.115354,19.611567,28.423149,25.527524,16.293723,17.870047,16.777228,17.230821,19.737304,28.558558,25.536579,16.252265,17.824809,16.702747,17.140805,19.616593,28.420994,25.473752,16.300126,17.978652,16.845027,17.330990,19.777555,28.544183,25.753918,16.477098,18.133290,16.957663,17.359125,19.814847,28.675108,25.706896,16.409654,18.020281,16.889389,17.311146,19.784091,28.634316,25.656671,16.282985,17.783360
 9.479200,10.427831,16.373237,25.159251,19.034434, 9.848117,11.594052,10.933457,11.494621,17.389024,26.161204,19.658126,10.170120,12.012375,11.340113,11.890190,17.897671,26.756354,20.100161,10.429807,12.238008,11.520730,12.007814,18.056973,26.937849,20.119965,10.395383,12.196088,11.450821,11.923582,17.912319,26.768103,20.055406,10.440233,12.350786,11.599249,12.122447,18.131265,26.944081,20.364617,10.603191,12.499127,11.706054,12.144831,18.171401,27.104673,20.308415,10.537745,12.388903,11.636935,12.094578,18.127013,27.046399,20.253783,10.424694,12.162063
13.816178,14.506017,19.616669,28.492986,26.462690,15.806584,15.918586,15.636602,15.719064,20.594589,29.356803,27.080294,16.157617,16.324861,16.050194,16.108465,21.035159,29.838830,27.508450,16.448476,16.546572,16.235131,16.226626,21.170887,29.990922,27.536179,16.412784,16.506762,16.166320,16.147676,21.052926,29.857825,27.477180,16.464845,16.662950,16.326193,16.352330,21.253027,30.014887,27.785101,16.648437,16.805246,16.431110,16.368719,21.280825,30.136179,27.723645,16.570621,16.697256,16.358145,16.316514,21.237665,30.083690,27.669179,16.445964,16.477854
 6.169779, 6.067903, 9.100960,11.728004,12.845726, 5.735951, 7.043195, 6.807725, 6.503755, 9.498679,12.065042,13.149740, 5.878124, 7.231414, 6.994428, 6.669951, 9.701896,12.266347,13.364094, 5.990756, 7.331639, 7.076502, 6.718748, 9.765406,12.326858,13.372054, 5.975400, 7.312709, 7.044168, 6.682840, 9.706652,12.268713,13.340185, 5.994536, 7.380755, 7.110529, 6.764776, 9.792315,12.326106,13.488539, 6.064733, 7.446637, 7.159430, 6.774731, 9.809049,12.381472,13.462209, 6.036851, 7.397718, 7.128271, 6.753971, 9.791860,12.362231,13.435634, 5.987511, 7.296251
 9.922927,10.447835,14.431607,20.422732,16.119062, 7.884057,10.309551, 9.927497,10.497628,14.496065,20.516795,16.200448, 7.929358,10.367593, 9.982003,10.548236,14.555397,20.586267,16.259523, 7.959921,10.394754,10.004031,10.561214,14.574068,20.603981,16.255679, 7.953682,10.387745, 9.993009,10.546605,14.550830,20.577217,16.244277, 7.957781,10.403796,10.006115,10.565911,14.569175,20.589477,16.281293, 7.976171,10.424158,10.022082,10.572140,14.578143,20.613630,16.276793, 7.970309,10.410046,10.014228,10.566959,14.575237,20.609066,16.269329, 7.955480,10.378671
16.473532,18.641335,29.715986,49.426140,36.313779,19.413566,21.162928,18.546029,20.117442,31.107593,50.838257,37.123306,19.831832,21.684080,19.021244,20.596716,31.746265,51.646764,37.695265,20.174210,21.963775,19.232070,20.741102,31.942582,51.898839,37.727634,20.129491,21.911231,19.153173,20.640468,31.764970,51.662859,37.643349,20.189143,22.103619,19.328031,20.884388,32.044820,51.924082,38.049679,20.403935,22.288852,19.451430,20.909720,32.093228,52.129151,37.973414,20.317805,22.154853,19.370887,20.849187,32.035760,52.048337,37.905266,20.173289,21.878366
17.042792,16.672011,17.330504,23.841644,22.521576,15.221608,15.969163,15.450861,15.634516,16.649691,23.257632,22.091905,14.951628,15.648730,15.125836,15.321989,16.360154,22.941479,21.805979,14.734013,15.473700,14.983635,15.229399,16.269444,22.843094,21.778417,14.753198,15.496952,15.030205,15.279969,16.334092,22.907949,21.811383,14.713163,15.376577,14.906945,15.124291,16.208189,22.817344,21.617502,14.581796,15.275305,14.832890,15.112837,16.191801,22.738780,21.652004,14.635710,15.351846,14.882603,15.149275,16.215453,22.767243,21.682426,14.721310,15.510491
10.454318, 9.997552,11.868539,20.677402,19.987905, 5.202027, 9.865561,10.295466, 9.795875,11.671623,20.381439,19.703869, 5.117968, 9.714659,10.138828, 9.658831,11.532218,20.183411,19.507609, 5.058224, 9.638000,10.073354, 9.622314,11.487191,20.130319,19.506967, 5.066587, 9.651648,10.100707, 9.651736,11.529140,20.181877,19.534601, 5.056828, 9.603136,10.053434, 9.593691,11.479347,20.143722,19.412788, 5.021796, 9.555305,10.013885, 9.582751,11.465002,20.083627,19.429872, 5.034311, 9.591141,10.035895, 9.596989,11.472791,20.097182,19.452190, 5.060733, 9.668229
11.884133,11.019466,12.944411,16.066774,21.871277, 7.616077,10.911993,11.076871,10.458625,12.506393,15.692286,21.447014, 7.464716,10.683169,10.839181,10.247756,12.289663,15.476298,21.162138, 7.348664,10.562494,10.737386,10.187933,12.222142,15.413019,21.147810, 7.362177,10.582145,10.775638,10.228051,12.278738,15.465052,21.184183, 7.341843,10.500795,10.691859,10.127264,12.189028,15.408387,20.995022, 7.272210,10.428332,10.635508,10.116925,12.173961,15.351158,21.028417, 7.300283,10.484091,10.672277,10.141891,12.191212,15.370636,21.061909, 7.349330,10.600431
19.012478,21.009814,29.891431,44.363324,26.147134,13.930130,16.962388,15.911980,18.622011,27.697917,42.196755,25.086485,13.380331,16.226108,15.198903,17.847261,26.703893,41.002101,24.383490,12.956520,15.841582,14.895232,17.625216,26.401077,40.647953,24.343928,13.006238,15.905942,15.008644,17.772557,26.656885,40.944609,24.437124,12.932684,15.645781,14.755713,17.397809,26.239021,40.608684,23.962688,12.678911,15.416053,14.590001,17.363231,26.174206,40.303158,24.048975,12.782530,15.591633,14.700552,17.455753,26.257450,40.415614,24.132356,12.959427,15.960338
11.773622,11.787156,15.498810,17.258873, 8.726997, 7.365090,14.409326,15.109525,14.057901,17.336196,18.613247, 9.326034, 7.862096,15.423862,16.196545,14.998821,18.333782,19.466160, 9.766376, 8.266693,15.979658,16.686952,15.280713,18.654812,19.725273, 9.784422, 8.212322,15.877238,16.496875,15.076261,18.362899,19.479852, 9.717068, 8.280750,16.252723,16.888284,15.542784,18.781810,19.718039,10.022773, 8.537244,16.629197,17.188220,15.606547,18.873081,19.961066, 9.971951, 8.438737,16.356831,17.005411,15.491347,18.793972,19.885116, 9.919942, 8.262088,15.795410
11.521224,10.775917,12.673088,15.472969,10.076957, 7.246272,10.705147,10.563196,10.087064,12.124877,15.001744, 9.805184, 7.054307,10.409755,10.264591, 9.819364,11.848816,14.728894, 9.623898, 6.908950,10.254538,10.137377, 9.743960,11.762240,14.649406, 9.614769, 6.925443,10.278879,10.184834, 9.793895,11.833431,14.712975, 9.637598, 6.900038,10.174922,10.080932, 9.667930,11.721043,14.644881, 9.518751, 6.813378,10.082726,10.010680, 9.654316,11.701376,14.571170, 9.538960, 6.847948,10.153693,10.055722, 9.685217,11.722307,14.594757, 9.559923, 6.909129,10.302657
11.614820,13.368323,18.762991,31.030445,23.878387,12.608640,12.555690,14.418865,15.734734,20.900783,33.466121,25.505680,13.469723,13.489901,15.498643,16.815890,22.130039,35.018485,26.689980,14.162166,14.001355,15.985150,17.135561,22.527479,35.484535,26.725348,14.066343,13.905489,15.790141,16.895995,22.160592,35.040287,26.554395,14.186860,14.255320,16.180810,17.434011,22.679364,35.462485,27.372819,14.624930,14.597694,16.477692,17.505100,22.787510,35.907893,27.229613,14.452043,14.340342,16.291110,17.367098,22.685724,35.761611,27.080014,14.139961,13.814794
 8.377564, 9.039845,10.832948,16.159182,17.927525, 7.122135, 9.960996,10.584826,10.643210,12.019676,17.302927,18.969464, 7.551107,10.603936,11.280725,11.291417,12.651331,18.009767,19.725538, 7.900378,10.955827,11.594290,11.485554,12.853070,18.225358,19.756789, 7.853449,10.890498,11.472134,11.345015,12.669513,18.022657,19.645000, 7.913779,11.131294,11.726850,11.671150,12.939898,18.226163,20.173590, 8.135032,11.366914,11.916142,11.711612,12.993752,18.423096,20.080671, 8.047746,11.193131,11.796703,11.629598,12.940480,18.356163,19.988014, 7.894155,10.836841
 8.229127,10.431178,11.015541,18.119585,18.091472, 7.984479, 9.889149, 8.701859,10.793250,11.239919,18.324268,18.237081, 8.045747, 9.977183, 8.784875,10.889530,11.327252,18.430724,18.335269, 8.097194,10.025360, 8.821578,10.919106,11.354155,18.465922,18.346479, 8.092618,10.018647, 8.810195,10.903146,11.334622,18.441183,18.334403, 8.102210,10.052578, 8.842755,10.953144,11.374253,18.476248,18.404284, 8.134407,10.082589, 8.862631,10.956675,11.379303,18.502037,18.391387, 8.121089,10.060999, 8.849170,10.944857,11.371405,18.491395,18.380874, 8.101162,10.016497
22.533399,21.916141,25.457925,32.200869,32.311339,23.972352,23.782598,23.479184,22.641849,26.029199,32.720183,32.765689,24.302433,24.136463,23.833147,22.957049,26.343093,33.035118,33.080462,24.555127,24.322171,23.986094,23.046798,26.441758,33.126983,33.087887,24.520111,24.287306,23.923819,22.978246,26.349442,33.037888,33.042049,24.562477,24.412250,24.045659,23.128966,26.477583,33.118090,33.254539,24.718250,24.532316,24.137120,23.148608,26.503881,33.209006,33.217720,24.656063,24.440520,24.079077,23.109406,26.478267,33.179388,33.177312,24.542546,24.249343
16.962519,17.584092,18.743921,24.605286,22.537849,12.745318,17.488220,16.948476,17.549165,18.706927,24.563344,22.502151,12.728031,17.464958,16.924969,17.525082,18.685296,24.539746,22.481049,12.713995,17.449771,16.914017,17.518340,18.677488,24.532873,22.477793,12.713852,17.449884,16.917080,17.519416,18.679437,24.530933,22.477018,12.710343,17.438186,16.905116,17.506024,18.668558,24.526912,22.464148,12.702343,17.433164,16.901661,17.506955,18.669434,24.521270,22.467121,12.706617,17.439745,16.905546,17.510371,18.671527,24.523800,22.469862,12.712499,17.451806
18.571364,17.124830,18.372009,26.120323,25.980785,13.112080,17.748731,17.006985,16.039925,17.584644,25.332546,25.306047,12.773225,17.259030,16.527676,15.618334,17.182607,24.871906,24.850762,12.516480,17.004132,16.323459,15.499384,17.058136,24.738921,24.833557,12.549065,17.048740,16.403269,15.584106,17.168153,24.857377,24.895260,12.505032,16.878258,16.238531,15.384692,17.004128,24.736882,24.592810,12.351253,16.722758,16.123118,15.361968,16.973951,24.613153,24.645607,12.412372,16.841555,16.197238,15.411732,17.005648,24.654492,24.700228,12.522550,17.091430
18.599436,16.625301,21.468780,30.539784,29.321397,12.766572,16.887371,18.704475,16.567669,21.357752,30.355297,29.125259,12.677729,16.775470,18.582383,16.467709,21.248996,30.222056,28.992009,12.616789,16.717279,18.531554,16.442300,21.211563,30.187904,28.991039,12.623847,16.725060,18.552043,16.460871,21.241636,30.213123,29.006120,12.613293,16.688557,18.515661,16.421199,21.205548,30.197359,28.929115,12.578511,16.655357,18.486069,16.412915,21.194253,30.153530,28.937804,12.590602,16.681717,18.501575,16.422330,21.198393,30.160670,28.952243,12.617661,16.738533
12.127932,10.719648,12.956774,15.694671,13.391494, 5.933746,11.997537,10.443388, 9.626428,12.086995,14.975601,12.873051, 5.697393,11.510466,10.003652, 9.244516,11.675522,14.571967,12.529728, 5.517486,11.256635, 9.817041, 9.136200,11.548962,14.453402,12.511830, 5.538480,11.298251, 9.886959, 9.208525,11.655284,14.551616,12.556330, 5.507171,11.127282, 9.732994, 9.026444,11.485031,14.443645,12.327797, 5.399797,10.975934, 9.630496, 9.008322,11.457101,14.337988,12.368289, 5.443233,11.092050, 9.697790, 9.053310,11.490233,14.374819,12.408798, 5.518725,11.336136
13.811421,16.457265,16.366760,23.552996,28.328391,11.533063,14.823096,14.177705,16.664198,16.461998,23.598120,28.339001,11.535562,14.836537,14.193494,16.682249,16.478950,23.611591,28.348890,11.542237,14.843490,14.201147,16.690036,16.482361,23.618856,28.353252,11.541011,14.840919,14.199348,16.685344,16.477905,23.609059,28.348632,11.541944,14.846582,14.207055,16.698591,16.488638,23.623925,28.363507,11.547486,14.854082,14.211921,16.698749,16.489495,23.623617,28.359138,11.545049,14.850926,14.208173,16.695782,16.486451,23.620697,28.358324,11.543626,14.844379
15.205936,15.168447,18.324718,24.331213,23.066249,14.608299,14.159258,13.632281,13.989211,17.366631,23.441799,22.344424,14.162772,13.688847,13.167444,13.544227,16.890980,22.928669,21.862713,13.826736,13.443558,12.970285,13.418907,16.742617,22.779166,21.838632,13.865447,13.482562,13.043642,13.502453,16.865794,22.901177,21.900526,13.807048,13.319114,12.883975,13.294598,16.673600,22.771456,21.585016,13.607257,13.172436,12.774552,13.271171,16.638613,22.633730,21.637922,13.685898,13.283665,12.843757,13.321669,16.674030,22.677306,21.692675,13.826240,13.518534
11.809765,12.189808,15.216591,20.835535,18.145629,10.542208,11.810632,11.048319,11.631907,14.765613,20.424893,17.848609,10.374248,11.604593,10.848457,11.435008,14.551255,20.190696,17.648456,10.243261,11.494551,10.762126,11.378332,14.484201,20.120923,17.635709,10.257456,11.511486,10.793283,11.414173,14.537898,20.174889,17.660751,10.234206,11.437021,10.721357,11.319007,14.448046,20.111829,17.527113,10.155412,11.371410,10.674244,11.309823,14.433620,20.050808,17.550464,10.187074,11.421302,10.704945,11.332840,14.450565,20.071583,17.573073,10.241168,11.525272
22.193839,22.594401,25.016045,33.131865,19.115614,15.822913,23.605097,22.808974,22.953708,25.230593,33.293082,19.187170,15.888081,23.720266,22.920704,23.052898,25.328764,33.390589,19.244357,15.939337,23.772375,22.967541,23.082267,25.354137,33.418901,19.240315,15.925408,23.751800,22.943090,23.046749,25.311098,33.361961,19.224927,15.931562,23.784512,22.973743,23.094281,25.350505,33.404643,19.269138,15.964906,23.832056,23.009232,23.104729,25.364052,33.428428,19.260364,15.953385,23.803014,22.988547,23.091610,25.354088,33.417217,19.252304,15.929163,23.739849
12.817767,14.492008,19.384564,27.883963,26.579818, 7.854313,14.377232,13.432872,14.875053,19.660398,28.072111,26.679057, 7.878258,14.435276,13.494334,14.942737,19.737820,28.150296,26.740906, 7.902817,14.470627,13.523181,14.966096,19.761450,28.181311,26.758480, 7.902755,14.468379,13.517506,14.959764,19.752015,28.170519,26.753536, 7.907953,14.495760,13.548240,15.000927,19.793940,28.204031,26.803366, 7.924082,14.515313,13.560942,14.999869,19.794060,28.218754,26.792268, 7.916182,14.500669,13.550031,14.990532,19.784957,28.208845,26.786280, 7.908291,14.472191
 7.048527, 6.355149, 6.930156, 9.321713, 7.851583, 6.214788, 7.157810, 5.916898, 5.611421, 6.398021, 8.850297, 7.518111, 5.959751, 6.839052, 5.638890, 5.362059, 6.153988, 8.590020, 7.298809, 5.764376, 6.672150, 5.520750, 5.291075, 6.079028, 8.512857, 7.285781, 5.786170, 6.698643, 5.564119, 5.336934, 6.140346, 8.574252, 7.313289, 5.751744, 6.585580, 5.465340, 5.217075, 6.038209, 8.503505, 7.166905, 5.635184, 6.487207, 5.401443, 5.206172, 6.022670, 8.436496, 7.193311, 5.682904, 6.563083, 5.444072, 5.235718, 6.042694, 8.460621, 7.219061, 5.764130, 6.722045
22.840718,18.869616,32.622957,44.489527,38.771782,12.784255,20.126089,20.790454,17.608474,31.185821,43.115961,37.744706,12.442969,19.556031,20.189595,17.130484,30.463445,42.313809,37.050883,12.184691,19.259663,19.933955,16.995345,30.239012,42.080533,37.020547,12.216376,19.309718,20.031070,17.089000,30.432730,42.282649,37.113345,12.171786,19.112580,19.826294,16.865195,30.140845,42.073428,36.655493,12.017648,18.931665,19.681983,16.838580,30.085005,41.859162,36.732861,12.077678,19.067185,19.772492,16.893096,30.139258,41.927756,36.812283,12.186323,19.353719
 7.236052, 9.212636,11.838037,20.620348,20.555162,11.316085,10.833935,10.318308,11.668210,13.716144,22.636333,22.157706,12.177870,11.767790,11.238638,12.628013,14.687489,23.863438,23.324858,12.906039,12.295177,11.663617,12.923706,15.000072,24.249170,23.390178,12.814080,12.200910,11.501925,12.721289,14.727462,23.909597,23.225002,12.944313,12.572290,11.863198,13.230062,15.166239,24.285318,24.063710,13.414056,12.922426,12.114687,13.280666,15.238666,24.619731,23.906133,13.220236,12.657788,11.947240,13.151098,15.148090,24.492895,23.757827,12.898817,12.126130
15.138791,16.390332,19.509208,27.506373,29.373668, 9.359174,15.898159,15.621083,16.693085,19.709799,27.656296,29.478695, 9.391383,15.964379,15.689487,16.761465,19.781000,27.728366,29.549922, 9.419964,15.999890,15.720059,16.783237,19.801087,27.752796,29.555583, 9.415995,15.992150,15.708426,16.768106,19.781497,27.727939,29.543702, 9.420886,16.018290,15.736668,16.807353,19.817049,27.758644,29.600789, 9.439690,16.042429,15.754047,16.808980,19.820266,27.774570,29.587240, 9.430936,16.024143,15.740418,16.798366,19.811142,27.764148,29.576552, 9.418516,15.987456
13.338730,13.272427,15.753161,22.163709,22.227570, 6.500305,13.829271,12.994544,12.997655,15.527487,21.936890,22.030382, 6.440179,13.701009,12.870718,12.881777,15.408581,21.803001,21.897645, 6.393864,13.631991,12.817256,12.849155,15.370904,21.764556,21.891179, 6.399033,13.642735,12.837706,12.870740,15.401679,21.794459,21.907823, 6.391016,13.596150,12.793126,12.815078,15.352340,21.762269,21.820361, 6.363150,13.555801,12.763961,12.809751,15.344553,21.725353,21.835684, 6.374643,13.588114,12.783372,12.823760,15.354045,21.737431,21.851769, 6.394613,13.654818
 4.050967, 5.125170, 6.959382,12.063539, 8.953298, 4.390369, 7.035743, 6.468847, 7.299488, 8.798595,14.196844,10.360724, 5.127098, 8.229547, 7.592796, 8.446557, 9.970568,15.647280,11.441187, 5.754765, 8.921779, 8.128028, 8.801053,10.364973,16.095842,11.471139, 5.665306, 8.789157, 7.908648, 8.532961, 9.999981,15.669443,11.316018, 5.778825, 9.278571, 8.348871, 9.141877,10.521211,16.078624,12.090369, 6.192786, 9.760039, 8.685124, 9.219162,10.625502,16.509681,11.948020, 6.024671, 9.389274, 8.467977, 9.057947,10.519184,16.361258,11.801330, 5.728354, 8.657942
18.596826,20.810974,30.701939,47.172927,36.474984,17.400122,21.781033,17.175022,19.589311,29.478190,45.830123,35.569687,16.975400,21.212967,16.712390,19.100633,28.847717,45.042822,34.962482,16.655557,20.916045,16.515649,18.963397,28.650039,44.815049,34.935375,16.693301,20.964023,16.590149,19.056816,28.816346,45.003898,35.013796,16.637842,20.766180,16.431475,18.828671,28.562324,44.808876,34.616571,16.447276,20.587945,16.321431,18.802208,28.515039,44.594332,34.683133,16.522337,20.724114,16.390956,18.858176,28.561958,44.661379,34.753367,16.657704,21.011015
18.054666,16.893268,17.693734,22.979580,23.463841,16.838262,18.915735,15.823789,15.327140,16.581809,21.977247,22.598201,16.242888,18.191608,15.196214,14.756083,16.045578,21.410463,22.028100,15.793177,17.812615,14.930056,14.594935,15.878260,21.243829,21.995428,15.842116,17.870096,15.026956,14.698190,16.012330,21.372443,22.065260,15.762692,17.615874,14.808094,14.429578,15.793340,21.228721,21.691894,15.496108,17.393677,14.663335,14.402040,15.756719,21.078358,21.755717,15.602786,17.564259,14.756702,14.467289,15.797429,21.127342,21.820540,15.789144,17.923590
 9.479200,10.427831,16.373237,25.159251,19.034434, 9.848117,11.594052,10.933457,11.494621,17.389024,26.161204,19.658126,10.170120,12.012375,11.340113,11.890190,17.897671,26.756354,20.100161,10.429807,12.238008,11.520730,12.007814,18.056973,26.937849,20.119965,10.395383,12.196088,11.450821,11.923582,17.912319,26.768103,20.055406,10.440233,12.350786,11.599249,12.122447,18.131265,26.944081,20.364617,10.603191,12.499127,11.706054,12.144831,18.171401,27.104673,20.308415,10.537745,12.388903,11.636935,12.094578,18.127013,27.046399,20.253783,10.424694,12.162063
