29.809524,37.414163,45.549053,63.061020,47.334386,29.007123,29.404245,26.196473,33.957871,42.798885,60.466691,45.700622,28.005414,28.415677,25.204871,32.791443,41.497564,58.956696,44.467672,27.251024,27.748202,24.748330,32.427150,41.086319,58.504952,44.520139,27.366755,27.887515,24.929010,32.639768,41.441698,58.913732,44.711787,27.234174,27.476237,24.583312,32.083243,40.854423,58.585357,43.886068,26.749771,27.113893,24.343378,32.022531,40.795636,58.114675,44.002057,26.925143,27.412356,24.532363,32.176367,40.899986,58.189423,44.279501,27.291758,28.016269
15.562451,17.209288,19.743098,27.437383,24.179202,13.300462,14.899358,14.982920,16.646477,19.253194,26.925559,23.765330,13.067527,14.657432,14.710738,16.371883,18.977748,26.601529,23.454467,12.895153,14.492221,14.585614,16.288638,18.887409,26.510427,23.472058,12.922530,14.526177,14.636408,16.338690,18.965969,26.593364,23.517533,12.892982,14.427389,14.547207,16.218029,18.850158,26.538240,23.319428,12.784982,14.338829,14.479844,16.199550,18.832461,26.431114,23.344415,12.821448,14.411593,14.529242,16.232430,18.850558,26.441715,23.412163,12.905817,14.559900
14.369812,21.152985,31.913515,43.014970,29.831350,14.733010,15.881881,15.151068,22.152518,33.069309,44.189704,30.583113,15.114382,16.264604,15.556689,22.683670,33.752868,44.957894,31.167158,15.407155,16.532181,15.750849,22.849410,33.980244,45.182418,31.128151,15.354883,16.471981,15.669585,22.738619,33.766747,44.952944,31.035236,15.405126,16.632831,15.804852,22.982708,34.066616,45.102144,31.422767,15.594143,16.785581,15.914932,23.020668,34.109826,45.353165,31.364366,15.528175,16.660885,15.834545,22.950098,34.058080,45.321714,31.230194,15.377014,16.408856
16.371005,18.086458,25.459104,37.340420,28.368236,16.598126,17.018506,15.908692,17.633597,24.977813,36.808698,27.997124,16.377211,16.807933,15.687784,17.410796,24.705716,36.471013,27.715054,16.212448,16.663215,15.586059,17.344331,24.617195,36.377988,27.733724,16.239890,16.694336,15.629323,17.385969,24.696990,36.466323,27.775197,16.211984,16.606349,15.555398,17.286254,24.580327,36.407168,27.594737,16.107409,16.527780,15.499388,17.271269,24.562925,36.295341,27.617635,16.143270,16.593298,15.541032,17.299110,24.581984,36.308018,27.682275,16.225861,16.725297
15.035623,15.363810,24.025857,39.855888,27.940771,15.808878,14.820386,15.098804,15.374766,23.992010,39.777816,27.873123,15.769868,14.790262,15.063951,15.342451,23.951601,39.714830,27.824345,15.743424,14.769395,15.049123,15.334370,23.937206,39.702316,27.828681,15.747207,14.772956,15.055648,15.338729,23.948538,39.710915,27.833333,15.743090,14.761427,15.046434,15.329157,23.936769,39.711418,27.808952,15.728363,14.751922,15.038504,15.325842,23.931690,39.686931,27.809478,15.731955,14.760191,15.043250,15.328033,23.931865,39.685549,27.818900,15.744349,14.776988
12.061549,15.130547,16.857302,26.884605,28.761881, 7.023976,13.983323,13.077035,16.076161,17.533794,27.602663,29.402948, 7.194564,14.292568,13.403294,16.437555,17.881154,28.044592,29.907827, 7.328531,14.510073,13.559768,16.553889,17.994167,28.180253,29.884666, 7.307185,14.463252,13.496745,16.483588,17.894217,28.053327,29.802484, 7.330824,14.598852,13.615233,16.662735,18.055822,28.151088,30.149917, 7.419675,14.722271,13.700301,16.682693,18.071981,28.292636,30.098344, 7.387021,14.620102,13.633215,16.631815,18.042549,28.269825,29.980918, 7.319493,14.418450
22.541381,21.396632,22.561924,31.285029,30.809746,14.945887,20.422828,19.652837,19.184961,20.939862,29.692352,29.449531,14.271320,19.555474,18.718043,18.348304,20.135082,28.748841,28.440478,13.774661,18.975556,18.293666,18.093797,19.880068,28.476182,28.490768,13.852608,19.096713,18.464232,18.246075,20.103321,28.726827,28.643307,13.766631,18.745174,18.151180,17.863486,19.752223,28.538673,27.985487,13.453713,18.434875,17.926876,17.816064,19.711102,28.242171,28.075407,13.564207,18.690700,18.098988,17.921770,19.771263,28.283636,28.299675,13.805705,19.213185
 9.686304,14.260186,15.457911,25.038273,24.713636, 7.157536,10.813644, 9.581581,14.087893,15.284681,24.808917,24.494061, 7.088195,10.722715, 9.491146,13.969740,15.174141,24.656351,24.329007, 7.037436,10.660456, 9.449851,13.935744,15.137715,24.616483,24.341832, 7.046260,10.673985, 9.467759,13.958000,15.171208,24.655442,24.364501, 7.037692,10.636682, 9.438982,13.907893,15.125763,24.631920,24.262585, 7.006142,10.603116, 9.415735,13.899048,15.117709,24.581081,24.275421, 7.016595,10.631201, 9.432370,13.913262,15.124758,24.586023,24.313118, 7.042367,10.688193
 9.563387, 9.452852,10.527362,13.514666, 8.931438, 6.309142, 8.653808, 8.913014, 8.980676,10.205654,13.249088, 8.785421, 6.203641, 8.515972, 8.753152, 8.833444,10.058104,13.095877, 8.673289, 6.122441, 8.421581, 8.678760, 8.786527,10.011499,13.048695, 8.676662, 6.133937, 8.440640, 8.707311, 8.812239,10.050061,13.088819, 8.693888, 6.119177, 8.381035, 8.648644, 8.738796, 9.981124,13.053473, 8.617266, 6.066032, 8.329536, 8.610198, 8.732350, 9.975773,13.006237, 8.628200, 6.085843, 8.372444, 8.641814, 8.752676, 9.988356,13.014835, 8.653669, 6.125069, 8.457400
17.470781,18.348247,21.582203,32.890954,28.910190,19.451942,18.554843,16.838333,17.818106,21.156773,32.434848,28.560384,19.216094,18.339836,16.617365,17.605084,20.936141,32.155276,28.295063,19.038871,18.192332,16.515399,17.539208,20.864542,32.073958,28.306530,19.064919,18.221669,16.555438,17.576258,20.924227,32.143470,28.345215,19.033587,18.131319,16.479228,17.477949,20.827740,32.090936,28.172369,18.920771,18.052297,16.425627,17.465692,20.815956,32.000201,28.194550,18.960215,18.117764,16.466861,17.492390,20.831762,32.011417,28.252753,19.045881,18.249204
18.601270,18.332909,23.368128,37.684580,29.783879,17.645657,17.314130,17.118088,17.170934,22.363750,36.553966,29.008889,17.181504,16.876678,16.633353,16.726277,21.858063,35.874706,28.424158,16.833596,16.579774,16.409838,16.588677,21.696004,35.675437,28.452215,16.887925,16.641668,16.499218,16.670242,21.836868,35.857021,28.541366,16.827206,16.460447,16.333474,16.463362,21.613451,35.719784,28.155770,16.605350,16.299408,16.214668,16.437812,21.587342,35.503758,28.208575,16.683946,16.431940,16.305993,16.494912,21.625651,35.533713,28.339015,16.853922,16.700507
 9.597071, 9.948646,12.731986,17.948461,16.266690, 9.159669,11.462968, 9.896331,10.176486,12.912430,18.113122,16.388186, 9.230232,11.547715, 9.979153,10.254541,12.999269,18.210323,16.483606, 9.285420,11.606552,10.018181,10.278647,13.026105,18.239486,16.478006, 9.275931,11.592593,10.001255,10.262688,13.000224,18.209267,16.461655, 9.285362,11.630215,10.032123,10.303103,13.042526,18.233587,16.528399, 9.322568,11.663942,10.053750,10.306388,13.045120,18.262602,16.517147, 9.307904,11.634803,10.035492,10.294041,13.036345,18.255556,16.492570, 9.278787,11.578571
15.721356,14.046471,19.356001,28.536858,25.355266,12.489290,13.766455,14.868732,13.391989,18.699806,27.827560,24.788661,12.201208,13.469524,14.512985,13.096777,18.344102,27.387017,24.360300,11.986305,13.267124,14.348664,13.007078,18.228917,27.261969,24.386450,12.022147,13.310663,14.416929,13.063183,18.332646,27.381455,24.451097,11.985388,13.188137,14.298163,12.929453,18.178567,27.298356,24.173120,11.849004,13.077600,14.208277,12.910106,18.157048,27.155052,24.210250,11.896162,13.168502,14.275112,12.947337,18.182794,27.172592,24.307214,12.003183,13.353661
13.482151,14.419346,18.362573,24.768680,21.464879,11.519025,15.490516,13.146839,14.093867,18.040121,24.437107,21.198437,11.371442,15.309489,12.973774,13.925114,17.853995,24.224621,20.996704,11.261465,15.185468,12.893755,13.874436,17.793195,24.165821,21.010566,11.280300,15.212746,12.927890,13.907148,17.849162,24.223792,21.041127,11.261934,15.138428,12.871213,13.832587,17.770284,24.186496,20.911646,11.192451,15.070635,12.827041,13.820801,17.757900,24.116526,20.928785,11.216209,15.126682,12.859507,13.841713,17.770805,24.124056,20.974347,11.271325,15.240140
13.226785,16.237192,23.139265,34.849538,23.354786,11.810090,14.830882,12.453222,15.521651,22.485867,34.185562,22.977768,11.614501,14.596052,12.228791,15.269657,22.167735,33.791189,22.689265,11.465297,14.435073,12.124189,15.189989,22.065609,33.672298,22.700422,11.487499,14.467736,12.164849,15.234967,22.151378,33.775637,22.744049,11.460736,14.367768,12.085169,15.113626,22.007003,33.691393,22.550599,11.364262,14.279912,12.030083,15.100233,21.992199,33.566240,22.577069,11.398947,14.352204,12.073325,15.133485,22.017305,33.585186,22.641647,11.471405,14.497510
14.288046,19.132908,34.355396,44.278258,26.846256, 9.764239,17.024439,13.660479,18.426377,33.434929,43.396764,26.358365, 9.577466,16.730448,13.392836,18.102146,32.931156,42.845498,25.991214, 9.438744,16.529889,13.269762,18.003680,32.767257,42.689430,26.011714, 9.460822,16.571625,13.319902,18.063150,32.910789,42.832855,26.066175, 9.437027,16.450888,13.231066,17.918232,32.695711,42.734255,25.830057, 9.349607,16.342937,13.164879,17.897429,32.665342,42.554315,25.860828, 9.379652,16.432057,13.214268,17.937348,32.700217,42.574533,25.941958, 9.447796,16.612820
10.565416,11.722093,16.933241,25.133552,26.583485, 8.968105,14.733313,14.150170,14.631293,19.524173,27.665737,28.810007, 9.762410,15.949103,15.466847,15.868365,20.958938,29.311094,30.653663,10.418200,16.843455,16.129380,16.284219,21.444042,29.833850,30.571815,10.312369,16.651056,15.865235,16.035598,21.020731,29.353175,30.274063,10.432604,17.221947,16.371511,16.679164,21.714007,29.730137,31.577871,10.882692,17.753837,16.744087,16.754108,21.786210,30.277446,31.382728,10.717374,17.317086,16.453327,16.570750,21.660216,30.190257,30.944514,10.378456,16.470499
15.364175,15.873473,25.640361,37.008252,26.039756,11.794473,16.682699,15.223459,15.710816,25.405951,36.730517,25.849122,11.704585,16.569926,15.108105,15.602094,25.256843,36.545082,25.704408,11.638133,16.491992,15.055161,15.570578,25.207561,36.496863,25.715778,11.649635,16.508978,15.078391,15.590984,25.252746,36.543812,25.736101,11.638655,16.462214,15.041185,15.544709,25.191450,36.515961,25.646433,11.597086,16.420205,15.011435,15.536428,25.180174,36.452950,25.657057,11.610812,16.455410,15.032773,15.549394,25.189526,36.458510,25.690212,11.644436,16.526424
13.511893,14.701676,28.610087,42.895190,27.356713,12.641367,16.674897,16.392189,16.881704,31.031530,45.169584,28.511512,13.187153,17.380822,17.175510,17.616637,32.208475,46.537408,29.445006,13.631038,17.885525,17.560765,17.864410,32.592402,46.984463,29.418720,13.564891,17.780394,17.413848,17.724547,32.269184,46.591643,29.267145,13.648055,18.105734,17.719227,18.116674,32.850185,46.939245,29.936475,13.951355,18.399165,17.926937,18.150900,32.891621,47.369971,29.832985,13.836150,18.157761,17.757012,18.040090,32.781424,47.284559,29.613249,13.613391,17.686897
14.751089,14.762308,17.985205,22.694938,21.472198,12.656837,15.387277,14.065571,14.206543,17.516240,22.273109,21.122378,12.446527,15.146766,13.817831,13.978069,17.271065,22.014267,20.857099,12.288353,14.982267,13.702792,13.906945,17.191282,21.938404,20.869732,12.312889,15.015924,13.748304,13.948563,17.259614,22.006208,20.909326,12.285057,14.915886,13.664001,13.843396,17.152443,21.956144,20.735472,12.184397,14.826528,13.602598,13.829355,17.138637,21.872233,20.758529,12.219380,14.899551,13.648871,13.858020,17.156320,21.882521,20.816794,12.296470,15.047944
 3.514613, 4.782416, 7.381809,12.354305,11.115922, 6.894822, 7.252510, 6.819219, 7.642760, 9.754430,14.723311,12.815682, 7.986353, 8.380380, 8.026117, 8.856025,11.095688,16.300821,14.309969, 8.946854, 9.249467, 8.663586, 9.281670,11.554801,16.825139,14.244346, 8.787537, 9.052981, 8.403294, 9.023568,11.145988,16.332385,13.990706, 8.967714, 9.633593, 8.916027, 9.719176,11.848465,16.747021,15.106959, 9.665431,10.182739, 9.287466, 9.786398,11.904940,17.274722,14.927283, 9.395750, 9.725361, 8.984372, 9.581210,11.766376,17.167755,14.544186, 8.878779, 8.874912
14.443308,13.170946,20.835671,25.279929,22.388621,12.391055,14.430733,13.988749,12.797854,20.390548,24.869001,22.053124,12.200701,14.226316,13.766685,12.611009,20.137585,24.607595,21.800976,12.059855,14.086632,13.664612,12.554612,20.054617,24.534544,21.815654,12.082379,14.115510,13.706247,12.588747,20.127105,24.601426,21.852260,12.058225,14.031870,13.633525,12.506709,20.020745,24.557056,21.691909,11.970000,13.956916,13.578373,12.494123,20.004487,24.470841,21.712315,11.999829,14.018696,13.618866,12.516625,20.021192,24.479569,21.767586,12.069045,14.144349
 6.357919, 8.347242,10.357161,15.656333,13.333283, 4.570980, 7.324109, 6.478141, 8.457642,10.438849,15.733531,13.385811, 4.591255, 7.354311, 6.508190, 8.492373,10.476768,15.778122,13.427302, 4.607386, 7.375293, 6.523066, 8.504498,10.489356,15.793677,13.426477, 4.604844, 7.371178, 6.517892, 8.497611,10.478996,15.780112,13.419852, 4.608062, 7.384343, 6.528953, 8.515708,10.497436,15.792060,13.449678, 4.618849, 7.396707, 6.537121, 8.517814,10.499096,15.806284,13.445060, 4.615002, 7.387308, 6.531125, 8.512959,10.495820,15.803828,13.435930, 4.607004, 7.367389
21.254628,22.085599,28.856806,41.259727,36.101930,17.840192,23.512676,20.965212,21.720059,28.407192,40.718296,35.634798,17.604206,23.235559,20.687811,21.457816,28.114463,40.354541,35.286263,17.432876,23.045623,20.561811,21.381903,28.016877,40.259765,35.311884,17.461444,23.085220,20.615728,21.429879,28.104129,40.348955,35.360626,17.433224,22.973914,20.529537,21.322875,27.988447,40.300604,35.148395,17.327980,22.873657,20.460039,21.302291,27.965194,40.175478,35.172228,17.361675,22.956862,20.508567,21.331427,27.981360,40.183399,35.248266,17.446660,23.126805
17.353891,17.694887,22.184550,31.687738,24.788075,16.132242,17.530175,15.559153,16.258093,20.976807,30.491846,23.982872,15.603205,16.978364,15.007150,15.731841,20.382429,29.782417,23.376742,15.206821,16.605287,14.752711,15.568007,20.192557,29.572177,23.404250,15.268417,16.682695,14.853367,15.664410,20.356738,29.762877,23.497134,15.198894,16.454982,14.664414,15.418320,20.093016,29.615860,23.095620,14.946195,16.252675,14.529735,15.388557,20.063183,29.391513,23.150931,15.035890,16.418287,14.633327,15.456186,20.108623,29.423459,23.285578,15.228678,16.755639
16.515056,16.590086,18.068584,23.787088,28.459161,13.277689,17.482043,15.495493,15.763739,17.442288,23.201415,27.851624,12.986662,17.122617,15.135976,15.429792,17.118437,22.844561,27.393746,12.768982,16.877916,14.969865,15.326049,17.013435,22.739924,27.414512,12.802256,16.927482,15.034968,15.386189,17.102694,22.832596,27.482640,12.763918,16.779064,14.913228,15.232989,16.961548,22.763686,27.183345,12.625981,16.647061,14.825218,15.212990,16.943873,22.648780,27.223195,12.673987,16.755023,14.891773,15.254725,16.967168,22.663072,27.323153,12.779560,16.974843
 5.011950, 5.150390, 6.101722, 8.994308, 9.375991, 6.312348, 5.468270, 4.890768, 5.034393, 5.994306, 8.875766, 9.261173, 6.232178, 5.402678, 4.823818, 4.971752, 5.931184, 8.799105, 9.174988, 6.173086, 5.357717, 4.793134, 4.952980, 5.910335, 8.778026, 9.180122, 6.182429, 5.366895, 4.805702, 4.964252, 5.928411, 8.797076, 9.192477, 6.172396, 5.340156, 4.784022, 4.937319, 5.902391, 8.785068, 9.138356, 6.135599, 5.316252, 4.767488, 4.932952, 5.898081, 8.759390, 9.144907, 6.147840, 5.336006, 4.779501, 4.940267, 5.901993, 8.761600, 9.163575, 6.176749, 5.376116
 4.385792, 5.402993,10.310653,14.241808,11.825815, 6.252101, 7.801405, 7.506684, 8.030763,13.107159,16.692559,13.509402, 7.192046, 8.914163, 8.719190, 9.200930,14.723074,18.341234,14.969899, 8.005547, 9.764874, 9.353705, 9.606868,15.280227,18.879593,14.901562, 7.870073, 9.575611, 9.095426, 9.360037,14.786181,18.375210,14.658078, 8.021171,10.133431, 9.591743,10.004694,15.604504,18.777794,15.726200, 8.601525,10.662981, 9.960201,10.076861,15.684775,19.338254,15.560947, 8.383535,10.225717, 9.668477, 9.889488,15.530298,19.240820,15.197229, 7.949665, 9.400581
15.681770,17.936548,26.809927,41.721203,31.453601,20.137745,18.478297,15.733529,18.034845,26.978462,41.949523,31.627094,20.251427,18.572929,15.820805,18.126000,27.094970,42.104525,31.757889,20.335487,18.637030,15.862208,18.152809,27.133335,42.147526,31.744220,20.316795,18.620209,15.843112,18.130035,27.090754,42.091942,31.722192,20.330430,18.657035,15.868623,18.169196,27.140000,42.122465,31.807404,20.383384,18.694986,15.894080,18.177066,27.148509,42.170928,31.791894,20.365078,18.664304,15.876704,18.164560,27.139286,42.164083,31.760227,20.318643,18.600114
 8.905011,10.343398,17.896915,28.535150,20.925639, 9.412493,10.696195, 9.379707,10.746799,18.325362,28.983822,21.200338, 9.541213,10.837880, 9.520399,10.892219,18.538153,29.254303,21.415159, 9.642107,10.936616, 9.588013,10.939778,18.607208,29.339669,21.406745, 9.626134,10.915605, 9.561696,10.911320,18.546778,29.260335,21.371611, 9.644320,10.976963, 9.612561,10.984043,18.646550,29.323730,21.520971, 9.711052,11.033210, 9.649098,10.991856,18.655728,29.408618,21.497896, 9.686447,10.987362, 9.620414,10.971298,18.637364,29.394015,21.448734, 9.635982,10.895614
15.311605,20.183766,18.476009,30.020751,21.914501, 9.158221,14.720765,14.273926,19.126712,17.820071,29.286874,21.450718, 8.955361,14.418717,13.944277,18.729602,17.491793,28.846136,21.100009, 8.802791,14.212922,13.791882,18.605494,17.385985,28.715349,21.114330, 8.825526,14.254277,13.851069,18.675963,17.474837,28.829085,21.166637, 8.798393,14.128261,13.737287,18.490319,17.329537,28.740553,20.935319, 8.701089,14.017226,13.657216,18.468082,17.313034,28.599880,20.966396, 8.735457,14.108389,13.718957,18.518674,17.337514,28.618976,21.043381, 8.809177,14.292931
15.939938,16.865694,22.711086,30.064959,27.348118,12.741141,16.289076,15.004262,16.031631,21.897167,29.272790,26.701174,12.430660,15.920824,14.622958,15.660437,21.459092,28.782219,26.216270,12.200773,15.670834,14.448394,15.548279,21.317816,28.643581,26.243878,12.237683,15.723640,14.520146,15.616956,21.443142,28.773288,26.316871,12.198560,15.573096,14.393643,15.450399,21.255277,28.683475,26.004180,12.053650,15.438616,14.299884,15.427356,21.229962,28.525248,26.045967,12.104022,15.550153,14.370607,15.473702,21.261196,28.544408,26.154099,12.217254,15.775974
13.896630,13.897813,23.863357,35.987640,24.761433,11.052288,15.073336,13.901954,13.826851,23.684914,35.727207,24.568374,10.962039,14.967593,13.793095,13.728136,23.545128,35.540339,24.425625,10.897429,14.895057,13.743466,13.699757,23.496798,35.493198,24.437405,10.908672,14.910018,13.764701,13.718310,23.540316,35.538592,24.456793,10.898226,14.869287,13.733683,13.681735,23.489658,35.519928,24.372913,10.859636,14.831188,13.705825,13.672315,23.475652,35.452989,24.381444,10.870957,14.861924,13.723526,13.681893,23.481246,35.453892,24.410789,10.902821,14.926434
28.122827,29.548997,37.397410,61.297879,46.966900,27.150776,29.147544,27.216302,28.778263,36.721485,60.506860,46.433516,26.841740,28.832965,26.884915,28.458783,36.365726,60.018514,46.028502,26.609420,28.616797,26.731554,28.359724,36.249575,59.876631,46.046410,26.643860,28.659659,26.791638,28.415499,36.346260,59.997847,46.105114,26.602766,28.527693,26.678008,28.269042,36.191611,59.907568,45.841998,26.455161,28.411687,26.597029,28.249814,36.171586,59.747687,45.875209,26.506187,28.507200,26.658464,28.289319,36.196452,59.766221,45.963498,26.618433,28.699925
10.655746,14.115760,19.829472,28.836639,19.892621, 6.659208,12.824107,11.383448,14.806876,20.425144,29.401400,20.215843, 6.775947,13.031784,11.592110,15.049855,20.718101,29.740878,20.469078, 6.867846,13.176784,11.692677,15.130112,20.813370,29.849284,20.460228, 6.853618,13.146258,11.653953,15.082865,20.730971,29.749950,20.418383, 6.870233,13.236347,11.729884,15.204967,20.868609,29.829979,20.595513, 6.931171,13.318939,11.783742,15.217777,20.881059,29.936728,20.568273, 6.908653,13.251804,11.741246,15.183556,20.855836,29.918678,20.511051, 6.863075,13.117754
 8.056962, 8.162969,12.388491,14.240242,18.594742, 5.621933, 8.761034, 7.762694, 7.891548,12.076104,13.965089,18.268356, 5.512399, 8.610835, 7.612271, 7.752065,11.896851,13.789576,18.022997, 5.431359, 8.508260, 7.542874, 7.709767,11.837776,13.740327,18.037673, 5.444579, 8.529545, 7.571156, 7.735650,11.889676,13.785904,18.073407, 5.430665, 8.468383, 7.522302, 7.674719,11.814589,13.756104,17.917308, 5.379962, 8.413038, 7.484513, 7.664873,11.802534,13.697816,17.937068, 5.396913, 8.458192, 7.511766, 7.681482,11.814165,13.703379,17.990608, 5.436804, 8.550873
16.341591,15.672045,18.157992,23.077247, 7.070925, 3.101372,15.274489,16.365907,15.678305,18.155566,23.067420, 7.066068, 3.099189,15.268637,16.356500,15.670084,18.149074,23.058090, 7.063226, 3.098198,15.264497,16.354481,15.669305,18.146837,23.058088, 7.062995, 3.097740,15.263484,16.354844,15.666918,18.145487,23.052858, 7.062565, 3.097602,15.261073,16.352094,15.666398,18.145692,23.057432, 7.062523, 3.097376,15.261957,16.352832,15.666453,18.145039,23.053047, 7.061675, 3.097289,15.262607,16.352842,15.666000,18.143924,23.051996, 7.061858, 3.097295,15.262159
24.524151,27.056587,34.234767,45.959804,34.383149,18.863523,25.228682,22.272888,25.051544,32.465107,44.259026,33.263921,18.241874,24.444978,21.495233,24.255312,31.562357,43.233946,32.427657,17.780853,23.916579,21.138896,24.010759,31.272920,42.935948,32.469254,17.853383,24.026627,21.281496,24.157158,31.525706,43.209803,32.596462,17.773554,23.707542,21.021282,23.793996,31.133375,43.009297,32.050185,17.482404,23.422909,20.832099,23.746812,31.084765,42.683153,32.124683,17.584461,23.656460,20.975729,23.846794,31.150932,42.725569,32.308912,17.808973,24.132986
16.163020,16.595936,20.991362,28.455658,26.062703,13.945708,16.140849,15.117784,15.769987,20.310169,27.824218,25.572314,13.678869,15.844605,14.804059,15.471921,19.974786,27.447130,25.200266,13.476969,15.641980,14.658048,15.376711,19.865589,27.332491,25.211552,13.505350,15.680572,14.712123,15.427621,19.952856,27.426040,25.265674,13.468436,15.556250,14.602676,15.287272,19.803986,27.349843,25.019326,13.339644,15.447299,14.527017,15.270612,19.787179,27.228300,25.051176,13.384587,15.535462,14.584897,15.307806,19.811435,27.243817,25.130427,13.480303,15.715252
14.598179,14.516005,18.038934,24.540840,23.438642,13.838415,15.396187,13.973872,13.997837,17.579419,24.087087,23.052513,13.606428,15.153925,13.725991,13.770904,17.332564,23.805348,22.760995,13.433266,14.988427,13.611647,13.701405,17.252285,23.724595,22.776290,13.460438,15.022600,13.657744,13.742760,17.321886,23.797768,22.819536,13.430421,14.922446,13.574498,13.640087,17.215466,23.745898,22.630753,13.320836,14.833133,13.513261,13.625870,17.201046,23.654209,22.655482,13.358717,14.906722,13.559269,13.654044,17.218433,23.664921,22.719792,13.443488,15.055792
13.430244,16.049250,23.464146,33.583221,24.955475,11.531189,14.194347,13.168720,15.702836,23.009416,33.046697,24.564163,11.343352,13.987246,12.953144,15.470650,22.720910,32.690029,24.272620,11.206670,13.845714,12.855057,15.402913,22.625351,32.595969,24.293820,11.229663,13.875768,12.897054,15.446308,22.711924,32.686680,24.336082,11.207361,13.793056,12.829973,15.350528,22.596857,32.636409,24.156544,11.123167,13.717976,12.776067,15.332839,22.574876,32.515408,24.177884,11.150589,13.780271,12.814192,15.359213,22.591662,32.524044,24.241634,11.218436,13.907301
14.235518,15.093265,23.298190,34.455602,28.030059,13.510922,14.561792,13.402859,14.360748,22.501445,33.603213,27.413181,13.205212,14.252125,13.082280,14.047671,22.079364,33.078894,26.946239,12.976984,14.040884,12.934950,13.953134,21.943766,32.930594,26.973683,13.014088,14.085962,12.996260,14.011173,22.064647,33.069502,27.043478,12.974905,13.956757,12.887382,13.867634,21.879943,32.969624,26.740293,12.829484,13.842120,12.807418,13.848440,21.856134,32.800100,26.780488,12.880446,13.937544,12.868218,13.888566,21.887494,32.822524,26.887456,12.993987,14.130015
19.075522,19.294528,21.692240,30.235116,25.756797,12.891914,18.425648,18.539564,18.760349,21.190140,29.681041,25.307237,12.660048,18.126709,18.204422,18.450968,20.888241,29.320787,24.972052,12.490120,17.923059,18.050223,18.357469,20.787654,29.220721,24.992503,12.517846,17.964768,18.112665,18.414841,20.875674,29.313171,25.040879,12.488897,17.845485,18.007234,18.284288,20.753102,29.256968,24.830712,12.383967,17.736482,17.923426,18.261053,20.731031,29.135887,24.856587,12.418124,17.824690,17.982231,18.296150,20.748909,29.144962,24.927578,12.501134,18.007324
15.090875,16.311934,23.363568,28.640061,24.429441,13.167665,15.284756,14.193645,15.556053,22.648524,28.030948,23.983937,12.922567,15.013782,13.909711,15.273041,22.290720,27.664941,23.644984,12.737354,14.828528,13.778208,15.184967,22.175757,27.556862,23.659969,12.765478,14.866440,13.830214,15.235712,22.273635,27.652269,23.710699,12.732632,14.752102,13.731107,15.102044,22.113665,27.577545,23.486368,12.613720,14.651513,13.661396,15.086304,22.095887,27.460701,23.516658,12.656040,14.734599,13.715524,15.123079,22.123329,27.477425,23.592676,12.746444,14.901874
11.065945,11.821314,15.279282,22.167787,23.095821,11.872262,12.620726,12.679692,13.042713,16.213378,23.022773,23.802980,12.244326,13.011957,13.121569,13.456818,16.667193,23.535463,24.370116,12.544125,13.289479,13.337376,13.594889,16.814498,23.700755,24.350754,12.497845,13.230452,13.253478,13.514662,16.687590,23.551028,24.257652,12.552963,13.407766,13.422386,13.732023,16.908865,23.679373,24.661355,12.756310,13.568554,13.539282,13.752319,16.926090,23.840724,24.599090,12.679571,13.436470,13.444672,13.690748,16.884184,23.809618,24.465413,12.528734,13.177069
13.570027,11.702158,21.725329,23.251218,21.115603,10.906884,14.548240,12.807412,11.207212,21.170781,22.856821,20.821864,10.751674,14.349820,12.607688,11.045728,20.910163,22.626089,20.596897,10.633094,14.213473,12.515242,10.994660,20.827005,22.556119,20.603259,10.649144,14.239785,12.550283,11.021517,20.893470,22.612512,20.636315,10.627474,14.153945,12.477494,10.942598,20.773988,22.563329,20.485480,10.550503,14.080770,12.430061,10.935119,20.763439,22.490312,20.505348,10.578525,14.141783,12.468522,10.956514,20.784158,22.501879,20.555459,10.635169,14.262797
29.809524,37.414163,45.549053,63.061020,47.334386,29.007123,29.404245,26.196473,33.957871,42.798885,60.466691,45.700622,28.005414,28.415677,25.204871,32.791443,41.497564,58.956696,44.467672,27.251024,27.748202,24.748330,32.427150,41.086319,58.504952,44.520139,27.366755,27.887515,24.929010,32.639768,41.441698,58.913732,44.711787,27.234174,27.476237,24.583312,32.083243,40.854423,58.585357,43.886068,26.749771,27.113893,24.343378,32.022531,40.795636,58.114675,44.002057,26.925143,27.412356,24.532363,32.176367,40.899986,58.189423,44.279501,27.291758,28.016269
 6.987044, 7.438862,11.895746,21.890157,20.407204, 8.460807,10.383211,11.513405,10.875889,15.108388,25.641116,23.300483, 9.724041,11.858351,13.341025,12.452412,16.994592,28.187578,25.812065,10.816298,12.988079,14.297970,12.997933,17.648045,29.014880,25.690452,10.633580,12.737290,13.907494,12.665122,17.068305,28.239532,25.274481,10.836233,13.475981,14.650992,13.526402,18.016815,28.847374,27.102294,11.613771,14.178915,15.208396,13.627113,18.115283,29.719654,26.822323,11.323919,13.599076,14.770851,13.377243,17.938389,29.574765,26.199192,10.740644,12.503584
 2.084957, 2.919446, 5.771193,10.298728, 9.073162, 4.290912, 5.423229, 4.404117, 4.946931, 7.816397,12.471450,10.629718, 5.098054, 6.384286, 5.316725, 5.859405, 9.014388,13.951101,12.010933, 5.813352, 7.132364, 5.803342, 6.180959, 9.430111,14.441513,11.945493, 5.692554, 6.962844, 5.603427, 5.984107, 9.058548,13.977868,11.711538, 5.826461, 7.461183, 5.990216, 6.503968, 9.682354,14.355719,12.740882, 6.347239, 7.937635, 6.277106, 6.559368, 9.739356,14.861276,12.577870, 6.148517, 7.542553, 6.047087, 6.406389, 9.618454,14.766551,12.224362, 5.760959, 6.807680
18.601270,18.332909,23.368128,37.684580,29.783879,17.645657,17.314130,17.118088,17.170934,22.363750,36.553966,29.008889,17.181504,16.876678,16.633353,16.726277,21.858063,35.874706,28.424158,16.833596,16.579774,16.409838,16.588677,21.696004,35.675437,28.452215,16.887925,16.641668,16.499218,16.670242,21.836868,35.857021,28.541366,16.827206,16.460447,16.333474,16.463362,21.613451,35.719784,28.155770,16.605350,16.299408,16.214668,16.437812,21.587342,35.503758,28.208575,16.683946,16.431940,16.305993,16.494912,21.625651,35.533713,28.339015,16.853922,16.700507
11.707967,12.451964,18.005723,23.457734,21.497179,11.790824,11.681904,10.585425,11.555273,17.192699,22.750733,20.960166,11.490451,11.390967,10.285925,11.258296,16.810050,22.338813,20.553126,11.263105,11.193196,10.147833,11.164959,16.688683,22.214428,20.567065,11.295797,11.232835,10.201007,11.216740,16.789519,22.320871,20.628709,11.254995,11.109934,10.094629,11.073481,16.615600,22.231841,20.355943,11.108503,11.003318,10.023104,11.059138,16.599701,22.103361,20.393703,11.161839,11.091696,10.080380,11.098490,16.630374,22.124124,20.484559,11.271322,11.268836
17.258202,17.590664,35.211291,52.032753,39.394308,14.602087,17.121357,17.857812,18.043909,35.781468,52.591290,39.743591,14.735903,17.274422,18.033866,18.206598,36.062656,52.924847,40.017909,14.841512,17.380252,18.119070,18.259288,36.151921,53.030046,40.001955,14.822175,17.354689,18.083342,18.223245,36.064373,52.916893,39.953045,14.840503,17.420533,18.146617,18.306513,36.199795,53.004394,40.148650,14.911300,17.483169,18.194558,18.315253,36.210973,53.104347,40.114128,14.884169,17.431790,18.156483,18.290302,36.183452,53.082529,40.047081,14.828924,17.329302
 8.193553,10.632922,10.511390,15.328115,13.735146, 7.472470, 9.005415, 8.026883,10.408146,10.313694,15.097487,13.534700, 7.357818, 8.881477, 7.902536,10.264691,10.190383,14.945282,13.385166, 7.273925, 8.796929, 7.845246,10.221608,10.149082,14.903464,13.394973, 7.287951, 8.814450, 7.868718,10.248627,10.185706,14.942848,13.416437, 7.273726, 8.765143, 7.830091,10.188860,10.136129,14.919827,13.323237, 7.222052, 8.719726, 7.798614,10.177619,10.126679,14.868362,13.334701, 7.238700, 8.756431, 7.820388,10.193756,10.133800,14.871942,13.366465, 7.279980, 8.832607
18.290070,18.647052,20.110335,27.308678,22.688838,13.805493,14.721898,16.366666,17.147287,19.054317,26.338638,22.011159,13.387229,14.289343,15.830441,16.634942,18.550275,25.770385,21.497281,13.070555,13.995578,15.581663,16.472621,18.389054,25.598228,21.516545,13.117908,14.054971,15.677384,16.564328,18.524345,25.748417,21.594709,13.061205,13.873943,15.489665,16.319606,18.297098,25.625952,21.250553,12.857881,13.714328,15.359236,16.291992,18.273415,25.446492,21.297589,12.930493,13.844368,15.460582,16.358504,18.312681,25.473213,21.411144,13.083118,14.108999
 8.358254, 8.710418,10.719586,15.432281,14.168245, 8.526917, 8.503955, 8.158694, 8.521494,10.540484,15.237276,14.001252, 8.423176, 8.407859, 8.054730, 8.422863,10.436571,15.111734,13.876246, 8.346735, 8.342038, 8.006998, 8.392878,10.402029,15.076582,13.882693, 8.358306, 8.354945, 8.025843, 8.410137,10.430962,15.106923,13.900329, 8.345085, 8.315936, 7.992200, 8.367804,10.388310,15.087362,13.821818, 8.297688, 8.281162, 7.966849, 8.360976,10.381262,15.045228,13.831143, 8.313300, 8.309603, 7.985148, 8.372230,10.387470,15.048570,13.857410, 8.350086, 8.367718
 8.501960, 8.560761, 9.260909,14.261520,15.519034, 5.299308, 8.640786, 7.876490, 8.091953, 8.943809,13.947098,15.241369, 5.195108, 8.484186, 7.713671, 7.939505, 8.795191,13.763590,15.028114, 5.115089, 8.376610, 7.637722, 7.890747, 8.747680,13.707374,15.034633, 5.126408, 8.397867, 7.666584, 7.917103, 8.786398,13.754312,15.066854, 5.111889, 8.330495, 7.607553, 7.842338, 8.718040,13.713943,14.922605, 5.059850, 8.272059, 7.568173, 7.834886, 8.711781,13.655918,14.942057, 5.078748, 8.320196, 7.599665, 7.855186, 8.723740,13.665147,14.989647, 5.117170, 8.416559
16.879028,17.442162,18.755885,24.493772,23.500875,10.467817,15.586334,16.331807,16.958245,18.372637,24.122987,23.179293,10.319196,15.385139,16.095362,16.734249,18.161551,23.889952,22.937824,10.209310,15.247482,15.987204,16.666381,18.092375,23.824196,22.949434,10.225575,15.274387,16.029835,16.704753,18.149846,23.879908,22.983159,10.206250,15.191174,15.950923,16.605450,18.060566,23.840717,22.830077,10.137435,15.118428,15.893719,16.591399,18.047915,23.763836,22.848732,10.160743,15.178677,15.936395,16.618176,18.061686,23.771747,22.900936,10.213872,15.300639
12.925907,14.291851,21.262488,26.324815,32.476521,13.100108,15.210054,11.933691,13.417061,20.376233,25.545348,31.645894,12.754456,14.830091,11.594083,13.070874,19.923503,25.073927,31.022436,12.496798,14.572700,11.438029,12.964247,19.778188,24.936523,31.052413,12.536793,14.626112,11.500295,13.027497,19.904352,25.061687,31.147202,12.492053,14.470076,11.385561,12.868439,19.706546,24.969133,30.738738,12.328722,14.331286,11.302930,12.848455,19.682873,24.819357,30.794818,12.386370,14.445721,11.366288,12.892403,19.716460,24.839343,30.932554,12.511921,14.677578
 9.884358, 9.712235,12.271731,16.382129,19.937822, 8.979489, 8.831375, 8.987889, 9.024857,11.700541,15.860718,19.405165, 8.728701, 8.592806, 8.716282, 8.775359,11.420127,15.551266,19.002170, 8.539891, 8.430901, 8.590958, 8.697925,11.330871,15.459749,19.020603, 8.569147, 8.464750, 8.640911, 8.743532,11.408304,15.542845,19.082233, 8.535952, 8.365070, 8.546633, 8.625402,11.282503,15.477634,18.814308, 8.414853, 8.277017, 8.480192, 8.611904,11.269192,15.380418,18.851807, 8.458400, 8.349791, 8.532120, 8.644738,11.291325,15.395327,18.942816, 8.550827, 8.496616
11.183031,11.535703,13.892124,20.760974,22.705168,13.942189,15.027349,13.610072,13.394529,15.302304,22.150017,23.966211,14.726878,15.844310,14.445996,14.145853,16.055295,23.028887,24.986867,15.360207,16.432345,14.857389,14.392778,16.304640,23.303499,24.939424,15.257477,16.304438,14.691728,14.242900,16.083812,23.046232,24.773945,15.371710,16.676740,15.005366,14.626875,16.443098,23.247642,25.488043,15.800163,17.020090,15.233972,14.669887,16.478698,23.532670,25.379535,15.641786,16.736429,15.053917,14.559785,16.412421,23.484826,25.137270,15.316691,16.182886
11.514025,12.191998,15.731590,21.867262,24.883261,10.498478,13.316127,12.042364,12.591225,16.039442,22.138265,25.126800,10.605104,13.448640,12.177430,12.719844,16.183942,22.296744,25.318309,10.689617,13.540742,12.242613,12.762445,16.230133,22.348153,25.311540,10.676173,13.520695,12.217225,12.736778,16.189195,22.299606,25.278975,10.691520,13.578699,12.267395,12.803489,16.259112,22.340450,25.415563,10.748238,13.631852,12.302518,12.809611,16.264205,22.388832,25.393331,10.726660,13.588435,12.274129,12.790532,16.250664,22.378945,25.348531,10.684192,13.502035
16.017338,17.402252,25.505246,34.216591,27.034905,13.585229,16.792057,15.393243,16.854749,24.954962,33.690121,26.669038,13.396944,16.573746,15.167431,16.629858,24.666869,33.366519,26.390326,13.255097,16.423818,15.062788,16.560439,24.573299,33.272694,26.403957,13.276931,16.454385,15.104614,16.600714,24.653085,33.355457,26.444816,13.251919,16.362342,15.026792,16.496626,24.526478,33.293593,26.262828,13.161299,16.281107,14.970793,16.483011,24.510401,33.188063,26.286326,13.192864,16.348109,15.013336,16.511447,24.531315,33.201291,26.348525,13.262306,16.483341
10.375737,10.654312,12.294048,22.222950,18.826232, 8.434235,10.973885,10.720825,10.886095,12.434184,22.360358,18.905736, 8.471103,11.024586,10.776643,10.937916,12.488125,22.431859,18.969705, 8.501830,11.059630,10.803995,10.956084,12.504414,22.457804,18.969298, 8.497268,11.051714,10.793796,10.945514,12.489993,22.433280,18.956939, 8.503098,11.074968,10.816916,10.976298,12.519162,22.458294,19.007271, 8.524878,11.095903,10.831122,10.977220,12.519153,22.477417,18.997566, 8.515559,11.078551,10.818077,10.968121,12.512622,22.470466,18.981552, 8.500093,11.045013
 8.206773, 9.394626,11.136818,16.843171, 7.502238, 3.791643, 9.294864, 9.172114,10.333093,11.957258,17.742470, 7.888818, 4.007957, 9.730666, 9.651629,10.820637,12.444643,18.337624, 8.195635, 4.177486,10.041187, 9.884313,10.974820,12.608366,18.513148, 8.176094, 4.147959, 9.972338, 9.787249,10.874829,12.457811,18.339518, 8.127769, 4.177451,10.162166, 9.953260,11.104404,12.675506,18.455481, 8.333220, 4.288632,10.340954,10.085401,11.138935,12.706222,18.653582, 8.303192, 4.249634,10.194194, 9.987740,11.073001,12.668837,18.628821, 8.231938, 4.161874, 9.901890
 8.578179,11.722020,16.443919,29.395647,26.686894,13.967283,13.183395,12.893986,15.897294,20.014983,33.533632,29.815637,15.637062,14.717042,14.585105,17.768493,22.068206,36.296770,32.476842,17.052329,15.871871,15.455520,18.407093,22.771975,37.183736,32.352236,16.819195,15.618673,15.104142,18.020618,22.151880,36.358664,31.918094,17.080592,16.366244,15.775488,19.021938,23.167293,37.007027,33.829307,18.071844,17.070740,16.275079,19.137771,23.271387,37.938402,33.537348,17.704017,16.489602,15.883056,18.848353,23.083407,37.783873,32.887590,16.957700,15.380964
20.927948,21.187690,27.755582,44.209170,36.245199,19.202369,19.043651,20.155798,20.545773,27.165436,43.534137,35.755281,18.939541,18.796500,19.863107,20.273221,26.852148,43.116640,35.383427,18.742323,18.627129,19.727974,20.189858,26.750707,42.997056,35.403080,18.773220,18.662380,19.782950,20.239438,26.838938,43.105537,35.458470,18.739065,18.559017,19.683166,20.114507,26.702337,43.027092,35.216487,18.613434,18.467374,19.610736,20.097976,26.684684,42.891578,35.248301,18.657360,18.543430,19.665935,20.132481,26.707446,42.908495,35.331586,18.754310,18.696315
31.011147,27.835336,29.362259,37.639842,32.772592,20.441379,28.314113,27.428379,25.374726,27.670850,36.172978,31.708075,19.773967,27.422901,26.459881,24.552391,26.873925,35.320649,30.902146,19.269132,26.820387,26.012514,24.294742,26.622530,35.064429,30.936766,19.347346,26.947616,26.190120,24.446446,26.841519,35.298976,31.063276,19.258589,26.575288,25.850488,24.050557,26.479009,35.109096,30.520143,18.933101,26.246221,25.614654,24.008469,26.444133,34.845138,30.598150,19.051884,26.517536,25.801480,24.118684,26.509591,34.889104,30.780995,19.298354,27.065218
32.998678,35.929736,40.961643,56.790686,45.838660,33.154948,43.770865,42.516244,43.261317,45.976714,61.251871,48.742789,35.240352,46.467642,45.468086,45.999505,48.562920,64.032876,51.127221,36.955667,48.426098,46.937709,46.918747,49.416663,64.927566,51.034915,36.685419,48.002656,46.355364,46.376215,48.673031,64.108134,50.643406,37.001264,49.266077,47.509432,47.835336,49.949429,64.795494,52.351121,38.182885,50.423966,48.322395,47.976442,50.053863,65.688593,52.085988,37.735729,49.465452,47.664487,47.557434,49.811065,65.518650,51.511486,36.855146,47.614935
13.072524,13.834220,14.832446,21.016567,26.157583, 7.665671,13.028651,12.789706,13.598149,14.660026,20.846591,25.976827, 7.608827,12.940726,12.692338,13.503862,14.570848,20.742348,25.838503, 7.565716,12.880064,12.647255,13.474814,14.542089,20.712283,25.844796, 7.572122,12.892402,12.665188,13.491243,14.566287,20.738253,25.864797, 7.564502,12.854735,12.630909,13.446819,14.526549,20.717837,25.774180, 7.536828,12.822028,12.607051,13.441691,14.522120,20.684444,25.786162, 7.546695,12.849477,12.625824,13.454014,14.528901,20.689213,25.817470, 7.567778,12.903914
15.029427,14.685206,19.099502,25.010125,24.891786,13.515601,14.624515,14.390738,14.163946,18.616082,24.549892,24.484821,13.289757,14.394822,14.137493,13.935767,18.356670,24.264452,24.177217,13.121035,14.237884,14.020594,13.865977,18.272440,24.182669,24.193625,13.147727,14.270478,14.067841,13.907752,18.345796,24.257217,24.239167,13.118417,14.175241,13.982556,13.804028,18.233402,24.203926,24.039706,13.011468,14.090310,13.919693,13.789808,18.218462,24.111348,24.066128,13.048565,14.160370,13.967007,13.818438,18.237025,24.122636,24.134570,13.131545,14.302270
 9.774388,10.941355,13.302178,17.987505,13.797008,10.465810,11.790284,11.020628,12.006675,14.154102,18.772514,14.318586,10.865621,12.219799,11.471968,12.452265,14.612689,19.268172,14.732949,11.182011,12.524458,11.691537,12.597171,14.764562,19.421095,14.712691,11.129968,12.458594,11.603588,12.508212,14.629570,19.276509,14.646213,11.186526,12.647878,11.766341,12.728122,14.842228,19.385308,14.931329,11.396560,12.823490,11.887987,12.755462,14.866049,19.546154,14.888650,11.320659,12.680014,11.794742,12.693056,14.827999,19.521818,14.792797,11.159743,12.394813
 3.191464, 5.314977, 7.665357,11.560651, 9.679944, 5.818616, 5.721840, 5.832801, 8.131042, 9.992144,13.753836,11.204036, 6.779650, 6.644711, 6.890232, 9.415403,11.357908,15.244881,12.537727, 7.618164, 7.355565, 7.447613, 9.862454,11.831046,15.732568,12.473037, 7.476947, 7.196062, 7.219273, 9.588451,11.409020,15.272393,12.250197, 7.633001, 7.664149, 7.655874,10.301424,12.105196,15.638422,13.229572, 8.234925, 8.110577, 7.982266,10.381728,12.173742,16.147549,13.076795, 8.008234, 7.741321, 7.723767,10.173267,12.041552,16.058100,12.741443, 7.557467, 7.048062
 6.995238, 7.718520,10.900493,19.632959,22.383801, 6.929414,11.552305, 9.710907, 9.983541,12.941034,22.074232,24.748622, 7.722398,12.754803,10.862809,11.058411,14.139819,23.715962,26.729780, 8.382601,13.650858,11.448881,11.419474,14.551414,24.231739,26.628609, 8.272419,13.455124,11.211436,11.197991,14.186680,23.747244,26.310035, 8.392663,14.025048,11.651676,11.751830,14.761314,24.108607,27.704314, 8.846818,14.563967,11.987445,11.823079,14.828644,24.664585,27.495878, 8.681968,14.121455,11.730141,11.664003,14.725689,24.582626,27.021955, 8.335845,13.266810
 9.063812, 9.400531,11.488572,18.038307,16.077825, 7.790527, 9.432752, 9.294698, 9.587958,11.643481,18.205222,16.206991, 7.856183, 9.507377, 9.376962, 9.665311,11.724996,18.308391,16.306337, 7.906451, 9.559153, 9.416024, 9.690136,11.751804,18.340015,16.302397, 7.898666, 9.548670, 9.401182, 9.675574,11.728998,18.311619,16.287077, 7.907731, 9.580197, 9.429649, 9.712397,11.765671,18.333034,16.353720, 7.940163, 9.608969, 9.450715, 9.716957,11.769672,18.366065,16.343953, 7.928675, 9.585606, 9.434799, 9.706666,11.763369,18.361345,16.321880, 7.903693, 9.538103
13.886255,11.971054,13.950732,22.696003,23.607507, 8.653182,12.756631,14.403897,12.260632,14.119931,22.839859,23.702644, 8.689296,12.814251,14.476900,12.318104,14.180831,22.911519,23.779678, 8.719943,12.854122,14.513163,12.339396,14.199501,22.939687,23.782231, 8.716242,12.846362,14.501589,12.328822,14.185235,22.916882,23.768172, 8.722703,12.873330,14.533069,12.364281,14.219032,22.943697,23.830377, 8.744615,12.897046,14.551128,12.364935,14.218539,22.962807,23.818746, 8.735293,12.878082,14.534476,12.354992,14.211241,22.955682,23.800699, 8.720643,12.840709
12.625547,12.388670,13.939555,20.024919,17.991957, 9.223425,12.812495,12.396394,12.133854,13.678792,19.717000,17.720438, 9.078586,12.635171,12.203688,11.961237,13.512679,19.511961,17.519815, 8.974187,12.514255,12.116741,11.911042,13.457390,19.457955,17.532813, 8.990642,12.538482,12.152702,11.941420,13.505229,19.506449,17.560485, 8.973245,12.468005,12.093088,11.871323,13.440047,19.479666,17.438831, 8.909646,12.405207,12.046259,11.858505,13.427561,19.409906,17.452569, 8.930053,12.457411,12.079307,11.877423,13.436533,19.414284,17.495162, 8.980969,12.563977
14.187317,14.937180,16.038008,21.326549,19.940200,12.158723,15.763720,14.417834,15.103748,16.139697,21.407435,19.996639,12.193360,15.808705,14.464298,15.148473,16.182650,21.451703,20.040576,12.220537,15.839429,14.485890,15.162325,16.195198,21.465742,20.038535,12.216014,15.831833,14.476450,15.152925,16.182597,21.450638,20.030031,12.220620,15.851851,14.494541,15.177663,16.204754,21.463675,20.062370,12.239437,15.869563,14.506126,15.178487,16.204839,21.475569,20.056022,12.231295,15.853730,14.495290,15.170602,16.199710,21.471343,20.044104,12.216729,15.824026
14.970496,15.750151,18.464680,27.203762,24.525891,15.634493,17.204653,16.175838,16.720956,19.214973,27.955507,25.103429,16.006786,17.598442,16.590776,17.111724,19.609424,28.422818,25.557535,16.298857,17.874883,16.791095,17.238376,19.738946,28.567221,25.535702,16.250774,17.814926,16.711050,17.160257,19.623268,28.429603,25.462086,16.302731,17.985791,16.859101,17.352164,19.805536,28.533539,25.774442,16.495533,18.144207,16.969309,17.375563,19.825367,28.683290,25.727074,16.425627,18.015027,16.884614,17.321112,19.792500,28.660055,25.622665,16.277882,17.756793
 9.576056,10.437675,16.392187,25.164357,19.029374, 9.843865,11.601678,10.940814,11.504907,17.390806,26.146764,19.637041,10.168044,11.973158,11.336193,11.883039,17.886454,26.742220,20.122579,10.427664,12.236305,11.528492,12.007574,18.047308,26.931125,20.103598,10.386822,12.179603,11.452522,11.933687,17.906575,26.756781,20.024083,10.433991,12.346885,11.601739,12.129566,18.145840,26.901813,20.366704,10.609237,12.498945,11.706432,12.148613,18.165508,27.089261,20.313614,10.543289,12.373360,11.622029,12.092654,18.120236,27.053836,20.198720,10.411897,12.127113
13.989359,14.541309,19.679657,28.535538,26.480324,15.812447,15.939735,15.659466,15.746895,20.615529,29.371157,27.080792,16.172760,16.305534,16.065125,16.119736,21.047364,29.857575,27.559539,16.462489,16.562769,16.260941,16.242794,21.183928,30.014716,27.544426,16.418601,16.506847,16.183825,16.170903,21.064573,29.870241,27.463354,16.471326,16.672808,16.341375,16.370724,21.279051,29.998764,27.808094,16.669027,16.820951,16.445773,16.385203,21.290809,30.145698,27.751964,16.591428,16.696628,16.357039,16.327308,21.247955,30.111840,27.636225,16.445357,16.456355
 6.205472, 6.070355, 9.106977,11.734097,12.850977, 5.738246, 7.051123, 6.815428, 6.512356, 9.506238,12.069240,13.150107, 5.881994, 7.219443, 6.998445, 6.673031, 9.706329,12.272852,13.387374, 5.996082, 7.337949, 7.087041, 6.725542, 9.771287,12.336742,13.376982, 5.977635, 7.312153, 7.051666, 6.693706, 9.713609,12.276525,13.337984, 5.998091, 7.386704, 7.119254, 6.775359, 9.808753,12.324898,13.503978, 6.074466, 7.454971, 7.167739, 6.784037, 9.817484,12.389349,13.478511, 6.046092, 7.398893, 7.129347, 6.760764, 9.799708,12.377883,13.422705, 5.988310, 7.287889
 9.860750,10.420320,14.402007,20.410870,16.120813, 7.886927,10.312300, 9.929274,10.498942,14.499852,20.522560,16.206743, 7.931720,10.364829, 9.984691,10.552149,14.562463,20.597179,16.272503, 7.965529,10.401056,10.011338,10.568745,14.583559,20.618852,16.267013, 7.958740,10.392402, 9.999795,10.556411,14.562280,20.594101,16.255828, 7.964273,10.413215,10.016764,10.579484,14.588546,20.607927,16.299154, 7.985735,10.434268,10.032417,10.584164,14.593491,20.632842,16.292493, 7.978582,10.417690,10.021876,10.577490,14.589135,20.630537,16.277664, 7.960861,10.382821
16.629195,18.641280,29.749854,49.424444,36.296628,19.400937,21.165180,18.549907,20.125226,31.098862,50.801584,37.079964,19.820991,21.626529,19.008335,20.577815,31.716738,51.599515,37.703381,20.159022,21.950568,19.230962,20.730163,31.914489,51.863661,37.689770,20.109842,21.883410,19.147705,20.645072,31.748946,51.632444,37.587495,20.173606,22.092151,19.325554,20.887828,32.055559,51.845349,38.037118,20.403278,22.278651,19.443319,20.906123,32.072932,52.087641,37.964938,20.314529,22.125243,19.345047,20.837362,32.013334,52.034044,37.819110,20.146854,21.824296
16.776454,16.590387,17.275309,23.839943,22.555699,15.254390,15.989594,15.471137,15.652005,16.682676,23.318531,22.163543,14.989368,15.714258,15.168403,15.372000,16.416928,23.020987,21.862591,14.785321,15.525522,15.027957,15.282330,16.333096,22.928701,21.869220,14.812403,15.562101,15.080380,15.328979,16.399779,23.003108,21.914548,14.774826,15.442349,14.968027,15.188468,16.275228,22.934697,21.709095,14.641310,15.340599,14.896678,15.177127,16.266407,22.842867,21.737564,14.691148,15.425568,14.956056,15.215565,16.288902,22.859658,21.805246,14.788402,15.593476
10.478402, 9.991433,11.880128,20.674581,19.978600, 5.197933, 9.854953,10.286970, 9.786542,11.659129,20.364581,19.687231, 5.112202, 9.717842,10.128594, 9.648408,11.518684,20.158417,19.469637, 5.049421, 9.624183,10.055528, 9.607024,11.471599,20.102287,19.484690, 5.060124, 9.643922,10.085844, 9.633446,11.513932,20.156345,19.516287, 5.049635, 9.589532,10.036994, 9.576259,11.457773,20.125575,19.380849, 5.010991, 9.539102, 9.996616, 9.565207,11.446734,20.055690,19.397545, 5.023414, 9.579888,10.024425, 9.580735,11.454803,20.060381,19.444002, 5.054441, 9.664501
11.764708,10.969108,12.919901,16.062511,21.885364, 7.622772,10.911328,11.077152,10.457219,12.510583,15.706238,21.472917, 7.469399,10.708468,10.846582,10.257044,12.302222,15.490746,21.161303, 7.354357,10.570409,10.740371,10.195500,12.235549,15.427948,21.176262, 7.372157,10.599218,10.782931,10.231941,12.293477,15.485002,21.223252, 7.352024,10.514588,10.703676,10.138457,12.201094,15.441597,21.018167, 7.278576,10.439806,10.647257,10.127421,12.190861,15.373638,21.046856, 7.304858,10.502023,10.691220,10.153570,12.206927,15.383612,21.117030, 7.361354,10.626930
18.546824,20.854674,29.759769,44.303117,26.156074,13.941772,16.946199,15.896801,18.597292,27.694262,42.236322,25.131679,13.385141,16.292400,15.206521,17.864333,26.736309,41.046578,24.358871,12.965696,15.851988,14.889128,17.635161,26.435156,40.689030,24.390866,13.029894,15.944030,15.014554,17.768522,26.695263,41.012234,24.511398,12.955982,15.671688,14.772535,17.416163,26.260003,40.747534,23.991800,12.686124,15.432584,14.606092,17.379145,26.218577,40.378997,24.065169,12.784393,15.629586,14.738044,17.476618,26.296751,40.440179,24.239994,12.988120,16.028420
11.879886,11.751912,15.476336,17.230443, 8.711323, 7.350766,14.405650,15.103173,14.056113,17.311906,18.565642, 9.291846, 7.842774,15.295391,16.149892,14.948059,18.274951,19.405462, 9.766170, 8.245104,15.940948,16.670734,15.248187,18.595953,19.674849, 9.748430, 8.182342,15.804551,16.467755,15.073472,18.320812,19.432361, 9.671830, 8.256558,16.216628,16.869937,15.539673,18.787911,19.631556,10.008062, 8.531116,16.595591,17.157277,15.589061,18.830975,19.905068, 9.957402, 8.429359,16.284923,16.929784,15.457098,18.745139,19.858252, 9.845774, 8.224539,15.678865
11.386240,10.711360,12.635797,15.452803,10.074422, 7.246485,10.693657,10.553144,10.074438,12.116618,15.002006, 9.809790, 7.051656,10.430311,10.261811, 9.818901,11.849677,14.728626, 9.610752, 6.906426,10.251688,10.128048, 9.740726,11.764093,14.649580, 9.620863, 6.929220,10.289018,10.182034, 9.787481,11.838890,14.721972, 9.650857, 6.903996,10.180236,10.083250, 9.669871,11.721932,14.668436, 9.520761, 6.811758,10.083757,10.011947, 9.655023,11.707867,14.581372, 9.538509, 6.844318,10.163614,10.066637, 9.687668,11.727803,14.593201, 9.583038, 6.915537,10.325096
11.737299,13.406147,18.761362,31.021250,23.862315,12.600605,12.573536,14.433919,15.756167,20.907595,33.432823,25.462496,13.466493,13.402972,15.489923,16.801353,22.111429,34.999973,26.764007,14.166808,14.003980,16.013162,17.144308,22.515426,35.484881,26.696212,14.049752,13.872051,15.800294,16.931433,22.153289,35.022421,26.486476,14.175404,14.249780,16.190936,17.457236,22.720263,35.367202,27.390561,14.648021,14.603123,16.485980,17.523199,22.784569,35.883833,27.254098,14.476155,14.312551,16.258947,17.372185,22.682143,35.804907,26.946188,14.113640,13.743987
 8.486150, 9.036205,10.834541,16.148442,17.907853, 7.112292, 9.964608,10.587498,10.649080,12.010944,17.271238,18.918658, 7.540065,10.531174,11.260302,11.265960,12.623046,17.972731,19.740946, 7.888126,10.939817,11.593346,11.471743,12.825667,18.196472,19.707500, 7.832775,10.852048,11.461708,11.349652,12.649135,17.991149,19.573997, 7.896636,11.112898,11.718842,11.671268,12.945886,18.158976,20.156244, 8.133804,11.352781,11.903103,11.705236,12.973038,18.385676,20.067462, 8.045551,11.155655,11.756906,11.613652,12.917876,18.345720,19.872449, 7.867723,10.770757
 8.299660,10.454299,11.031119,18.107964,18.063961, 7.968712, 9.874136, 8.689223,10.777771,11.217708,18.282923,18.189862, 8.026216, 9.946392, 8.762205,10.859157,11.294231,18.377596,18.288686, 8.072101, 9.996320, 8.797002,10.886696,11.318088,18.410324,18.289346, 8.066580, 9.987051, 8.785215,10.873150,11.300050,18.385153,18.274138, 8.075939,10.020176, 8.814668,10.918640,11.339390,18.412719,18.346275, 8.107237,10.048192, 8.832209,10.920500,11.340003,18.439891,18.334377, 8.094690,10.024901, 8.816665,10.907712,11.332159,18.432275,18.311345, 8.072518, 9.979297
22.577844,21.945132,25.470019,32.217362,32.325352,23.983364,23.804244,23.499521,22.663546,26.049314,32.736262,32.778173,24.319942,24.123293,23.850349,22.973351,26.361717,33.061239,33.130489,24.579930,24.345437,24.017402,23.070612,26.463192,33.158029,33.109205,24.534850,24.295158,23.947397,23.006944,26.368224,33.060104,33.051170,24.579374,24.431124,24.069172,23.155370,26.510126,33.129360,33.289918,24.749568,24.557681,24.162243,23.174425,26.526493,33.233016,33.253219,24.687801,24.453042,24.090896,23.131283,26.500527,33.216953,33.170359,24.554163,24.244189
16.899662,17.535280,18.717506,24.588162,22.532128,12.743360,17.481676,16.942381,17.541629,18.700132,24.557308,22.498159,12.723569,17.460011,16.918562,17.519040,18.680244,24.532731,22.472967,12.709907,17.444863,16.908465,17.513751,18.673334,24.528252,22.475622,12.712019,17.447665,16.913286,17.516676,18.678961,24.531288,22.477566,12.709780,17.438563,16.906325,17.509305,18.672506,24.530891,22.464930,12.701908,17.431463,16.900603,17.507071,18.670100,24.521468,22.465191,12.703971,17.437899,16.904277,17.508919,18.670455,24.521361,22.470769,12.710685,17.450575
18.413800,17.068943,18.335822,26.076896,25.947434,13.095256,17.709433,16.970906,16.000434,17.548270,25.294007,25.275976,12.747500,17.266251,16.494910,15.588644,17.150411,24.822884,24.767726,12.485871,16.965079,16.274520,15.460844,17.022858,24.684526,24.793445,12.527708,17.028965,16.363427,15.537923,17.135283,24.813249,24.871916,12.482291,16.845174,16.200629,15.345661,16.958890,24.716548,24.535288,12.315000,16.680613,16.082602,15.321495,16.937986,24.566690,24.581931,12.374334,16.815686,16.173010,15.374793,16.968505,24.587737,24.696129,12.502867,17.089762
18.625075,16.599857,21.470794,30.529908,29.311657,12.761487,16.877883,18.697558,16.560138,21.345927,30.342797,29.112845,12.671177,16.776545,18.573805,16.459513,21.237737,30.204588,28.966542,12.607221,16.707050,18.517823,16.431344,21.200041,30.171116,28.979594,12.618517,16.721347,18.542176,16.450067,21.234153,30.203500,28.998562,12.608241,16.682607,18.507974,16.414336,21.196313,30.191983,28.914783,12.570506,16.646479,18.476196,16.404248,21.184740,30.141851,28.922759,12.581229,16.675788,18.495870,16.413601,21.188487,30.141950,28.952861,12.612956,16.737478
11.896197,10.644195,12.910085,15.678469,13.398147, 5.939741,11.989641,10.437491, 9.617764,12.088768,14.993178,12.897920, 5.701406,11.558144,10.012108, 9.256190,11.692655,14.591201,12.521727, 5.523000,11.267325, 9.816902, 9.144383,11.567336,14.472412,12.539084, 5.550790,11.328322, 9.894886, 9.210549,11.676552,14.580932,12.596879, 5.519522,11.149607, 9.748082, 9.039878,11.499157,14.495502,12.346999, 5.405448,10.991989, 9.644826, 9.020435,11.480507,14.369835,12.381938, 5.446462,11.122007, 9.725459, 9.067774,11.511806,14.389310,12.466826, 5.533573,11.385640
13.828896,16.426856,16.364249,23.544669,28.319756,11.528587,14.816739,14.173192,16.658637,16.453583,23.586678,28.322765,11.528894,14.826563,14.184774,16.671033,16.467931,23.594914,28.330052,11.533105,14.833524,14.191830,16.678730,16.471027,23.603727,28.336361,11.533820,14.832457,14.191210,16.676696,16.470174,23.598202,28.332235,11.535640,14.839700,14.201383,16.693405,16.484022,23.611884,28.349615,11.541201,14.845251,14.203721,16.690399,16.480583,23.610720,28.344106,11.537154,14.840875,14.198900,16.685575,16.476445,23.606332,28.341037,11.535631,14.833550
15.027307,15.093661,18.277311,24.302922,23.061609,14.609530,14.143978,13.619929,13.971658,17.356052,23.445412,22.359310,14.159433,13.724921,13.166539,13.546864,16.895567,22.932747,21.832412,13.823918,13.441675,12.958619,13.415970,16.748489,22.782748,21.856933,13.875609,13.500241,13.041345,13.492956,16.875576,22.918289,21.936841,13.817045,13.327678,12.887027,13.296249,16.672952,22.815511,21.590687,13.603962,13.175137,12.777252,13.272394,16.649716,22.653290,21.638062,13.679520,13.300972,12.861967,13.326648,16.684401,22.675883,21.754999,13.842713,13.556056
11.697665,12.143904,15.183675,20.821811,18.148752,10.546725,11.807084,11.045451,11.626619,14.765624,20.434115,17.862954,10.376996,11.624674,10.852373,11.441500,14.560781,20.203188,17.645245,10.248195,11.499886,10.762890,11.383521,14.495241,20.134259,17.653754,10.267180,11.525197,10.797784,11.416258,14.550319,20.194102,17.686436,10.244167,11.447790,10.729536,11.327622,14.457779,20.145561,17.541297,10.161182,11.380132,10.682616,11.318090,14.448531,20.072798,17.561339,10.191154,11.436274,10.719769,11.342563,14.464696,20.084015,17.610137,10.253717,11.548544
22.075348,22.461927,24.935231,33.070477,19.096871,15.811978,23.585669,22.791040,22.932145,25.206173,33.264352,19.170976,15.872954,23.685270,22.897748,23.030227,25.306831,33.362488,19.232278,15.925924,23.754376,22.952609,23.067301,25.337878,33.401537,19.232387,15.917248,23.738394,22.933363,23.045184,25.310070,33.363476,19.219971,15.927899,23.784425,22.978403,23.106476,25.366755,33.403298,19.270910,15.966205,23.828289,23.007942,23.108989,25.366931,33.429137,19.260502,15.949978,23.794190,22.982274,23.091161,25.354098,33.418964,19.245343,15.923088,23.725445
12.924783,14.517745,19.418901,27.873432,26.543981, 7.838953,14.354273,13.412781,14.852787,19.620254,28.007869,26.608912, 7.858393,14.396588,13.459484,14.900186,19.679100,28.065383,26.663533, 7.875900,14.426080,13.481903,14.917604,19.695276,28.089402,26.668578, 7.874894,14.420899,13.475070,14.910939,19.684875,28.073544,26.658354, 7.878901,14.443420,13.499232,14.945036,19.721825,28.099990,26.706287, 7.892565,14.460348,13.509145,14.942782,19.718025,28.112913,26.696964, 7.885757,14.445160,13.497048,14.932887,19.709112,28.104025,26.681876, 7.877533,14.418237
 6.869235, 6.290269, 6.891139, 9.306595, 7.856123, 6.222634, 7.152934, 5.913067, 5.605409, 6.399612, 8.863206, 7.536163, 5.965032, 6.870884, 5.645015, 5.370814, 6.165918, 8.605026, 7.296016, 5.772432, 6.681184, 5.522426, 5.298431, 6.092369, 8.528660, 7.306650, 5.802011, 6.720838, 5.571259, 5.340926, 6.156190, 8.597923, 7.343495, 5.768181, 6.603919, 5.478330, 5.229685, 6.051125, 8.542475, 7.183806, 5.644982, 6.501478, 5.413885, 5.217657, 6.040732, 8.462453, 7.206326, 5.689641, 6.586391, 5.464809, 5.248608, 6.059460, 8.475409, 7.260646, 5.783490, 6.757957
22.689677,18.838467,32.578702,44.435941,38.735886,12.773164,20.092329,20.758789,17.575282,31.140833,43.075668,37.723071,12.426361,19.579446,20.165715,17.112374,30.431061,42.265685,36.958138,12.165466,19.231445,19.891544,16.967660,30.203741,42.024623,36.991591,12.205548,19.303315,19.999549,17.052147,30.399177,42.241578,37.108944,12.159647,19.090573,19.795382,16.834837,30.083534,42.073718,36.600894,11.992906,18.901619,19.650645,16.808959,30.048289,41.817366,36.671097,12.052269,19.056526,19.762503,16.868657,30.102682,41.853834,36.840542,12.178990,19.370705
 7.473446, 9.264500,11.904339,20.653154,20.546021,11.302295,10.851291,10.335535,11.694989,13.717739,22.600309,22.091172,12.170497,11.678006,11.227328,12.605772,14.657615,23.820185,23.371439,12.891109,12.283045,11.674058,12.912847,14.968432,24.214283,23.322305,12.777863,12.151745,11.496336,12.731995,14.697728,23.854030,23.111336,12.911017,12.545105,11.850682,13.224109,15.166902,24.159452,24.034211,13.411634,12.905291,12.098784,13.269948,15.203501,24.552102,23.890142,13.220718,12.605733,11.896215,13.127903,15.113359,24.475024,23.577899,12.848590,12.032029
15.198276,16.397136,19.522381,27.506576,29.366604, 9.355978,15.896277,15.620909,16.692854,19.704785,27.646252,29.464562, 9.388554,15.954370,15.685187,16.755689,19.772982,27.717466,29.544428, 9.416019,15.994662,15.716641,16.777442,19.793075,27.743190,29.543397, 9.411772,15.985116,15.704357,16.764339,19.774548,27.717950,29.527549, 9.416924,16.012487,15.731887,16.802972,19.812608,27.744263,29.591348, 9.436782,16.036847,15.748475,16.803651,19.812036,27.762799,29.578710, 9.428027,16.016193,15.732721,16.791924,19.803142,27.754955,29.557284, 9.413782,15.976903
13.272720,13.232783,15.735041,22.157545,22.233172, 6.502811,13.827842,12.993817,12.996062,15.528959,21.945131,22.042083, 6.441715,13.714430,12.873938,12.886344,15.415331,21.811387,21.896688, 6.395903,13.636455,12.818696,12.853430,15.378657,21.774185,21.905730, 6.403383,13.653326,12.842014,12.873879,15.411667,21.809505,21.927475, 6.395636,13.605733,12.801375,12.823908,15.362284,21.784940,21.833503, 6.366434,13.563394,12.771312,12.817163,15.355756,21.741652,21.846109, 6.376710,13.599041,12.794342,12.831330,15.364166,21.747281,21.879595, 6.399639,13.670013
 4.168517, 5.163394, 6.931233,12.001885, 8.893969, 4.360187, 7.025419, 6.450243, 7.280958, 8.757158,14.087183,10.265495, 5.096028, 8.073777, 7.542598, 8.384236, 9.894817,15.545322,11.447199, 5.724658, 8.874925, 8.111947, 8.759471,10.293103,16.005413,11.379490, 5.615665, 8.695326, 7.876041, 8.522640, 9.933094,15.561786,11.186370, 5.729990, 9.208504, 8.301724, 9.099347,10.484763,15.880573,12.026944, 6.170153, 9.703543, 8.636514, 9.178274,10.554024,16.386228,11.899748, 6.010323, 9.296291, 8.382039, 9.010423,10.454778,16.314207,11.610805, 5.673044, 8.520378
18.433453,20.722806,30.643530,47.128138,36.465997,17.398741,21.759038,17.160149,19.567308,29.458592,45.827089,35.580383,16.968459,21.251917,16.707286,19.098170,28.845809,45.035667,34.913531,16.647276,20.907526,16.498789,18.954048,28.648645,44.806349,34.947459,16.697901,20.979422,16.582687,19.040250,28.820787,45.016530,35.048131,16.642146,20.770211,16.429554,18.824833,28.552959,44.862166,34.612129,16.438266,20.583875,16.318222,18.796920,28.519799,44.608955,34.671279,16.509855,20.737424,16.402997,18.856481,28.565078,44.642271,34.819783,16.667219,21.048865
17.724172,16.750405,17.614840,22.940791,23.464416,16.848162,18.898578,15.811869,15.309437,16.578553,21.995578,22.633459,16.249037,18.257728,15.205307,14.770776,16.064755,21.433729,22.011817,15.803996,17.825997,14.928221,14.605627,15.901317,21.269983,22.041206,15.872738,17.915415,15.038873,14.702946,16.042844,21.418128,22.135074,15.795084,17.652041,14.832610,14.453660,15.816671,21.305132,21.727498,15.512791,17.420111,14.686307,14.423648,15.790983,21.127805,21.783059,15.612944,17.611685,14.799356,14.492450,15.829822,21.152950,21.921614,15.829478,18.000584
 9.576056,10.437675,16.392187,25.164357,19.029374, 9.843865,11.601678,10.940814,11.504907,17.390806,26.146764,19.637041,10.168044,11.973158,11.336193,11.883039,17.886454,26.742220,20.122579,10.427664,12.236305,11.528492,12.007574,18.047308,26.931125,20.103598,10.386822,12.179603,11.452522,11.933687,17.906575,26.756781,20.024083,10.433991,12.346885,11.601739,12.129566,18.145840,26.901813,20.366704,10.609237,12.498945,11.706432,12.148613,18.165508,27.089261,20.313614,10.543289,12.373360,11.622029,12.092654,18.120236,27.053836,20.198720,10.411897,12.127113
