29.520516,37.237410,45.487444,63.105984,47.418273,29.049199,29.438940,26.223234,33.991282,42.822142,60.519434,45.694323,28.003620,28.346877,25.244645,32.832944,41.584617,59.042388,44.550066,27.276508,27.816134,24.817943,32.526044,41.230954,58.606740,44.698844,27.427843,27.966905,24.994000,32.721831,41.528333,58.966315,44.804605,27.371609,27.540804,24.645767,32.148284,40.989306,58.787398,44.021499,26.856951,27.175462,24.357411,32.089564,40.866703,58.204657,44.100063,27.032538,27.453039,24.609503,32.239097,40.975176,58.345346,44.396744,27.362916,28.056147
15.598429,17.295927,19.812123,27.497811,24.215194,13.313484,14.914180,14.998219,16.663175,19.264423,26.936188,23.759626,13.061783,14.635902,14.717976,16.377562,18.989266,26.609202,23.465600,12.896307,14.504132,14.600379,16.306276,18.910894,26.516824,23.501988,12.928006,14.538281,14.647662,16.348218,18.970694,26.582494,23.519383,12.911362,14.429245,14.548677,16.211596,18.854476,26.549355,23.327833,12.796204,14.340705,14.469059,16.198275,18.828497,26.424355,23.348444,12.836984,14.412027,14.542325,16.237138,18.853943,26.458614,23.426342,12.914288,14.562618
14.680114,21.228342,31.892821,42.928984,29.761469,14.706472,15.863075,15.135902,22.128935,33.050362,44.163309,30.586990,15.122399,16.301848,15.547763,22.674422,33.717621,44.931258,31.138799,15.401857,16.512896,15.727298,22.813015,33.915123,45.154066,31.063195,15.342616,16.452544,15.653603,22.715761,33.750042,44.965976,31.026200,15.370126,16.623113,15.793068,22.971528,34.033333,45.052844,31.394811,15.568715,16.774444,15.921951,23.004810,34.092985,45.334795,31.343453,15.500074,16.658586,15.810917,22.929667,34.030741,45.261332,31.201084,15.361365,16.403241
16.365467,18.178144,25.583162,37.477158,28.450180,16.631984,17.047479,15.935484,17.662939,25.009162,36.847413,28.009034,16.379981,16.797617,15.700301,17.424484,24.729622,36.497486,27.737865,16.221643,16.682123,15.605551,17.368030,24.652920,36.402589,27.771616,16.249510,16.708513,15.642352,17.394335,24.701908,36.449553,27.771078,16.225602,16.602080,15.551151,17.272797,24.577572,36.412071,27.598019,16.115588,16.527093,15.487591,17.266350,24.554003,36.280624,27.618619,16.159130,16.595639,15.554487,17.304582,24.586799,36.329697,27.700545,16.237718,16.730363
15.088607,15.432478,24.100685,39.927293,27.970477,15.819665,14.829986,15.109327,15.385511,24.004157,39.789962,27.875848,15.768775,14.788170,15.065246,15.343925,23.952974,39.715118,27.824416,15.743334,14.771083,15.050936,15.336455,23.939829,39.698754,27.828383,15.744812,14.772028,15.055264,15.335696,23.941790,39.692309,27.821230,15.738003,14.753598,15.037536,15.316214,23.921714,39.691030,27.795971,15.722366,14.745231,15.029006,15.316459,23.917500,39.663590,27.798041,15.729967,14.756520,15.041685,15.324043,23.924324,39.677734,27.815189,15.742606,14.774733
12.137532,15.174258,16.872382,26.871447,28.727048, 7.015823,13.970635,13.067075,16.063963,17.523816,27.581181,29.396807, 7.192478,14.310178,13.386379,16.419602,17.851838,28.010299,29.863758, 7.321312,14.482479,13.531360,16.516313,17.947995,28.139032,29.799463, 7.293551,14.431968,13.469727,16.452645,17.865252,28.029767,29.755188, 7.303334,14.572992,13.589449,16.636293,18.013008,28.082579,30.082634, 7.397407,14.696689,13.691185,16.655452,18.046632,28.256674,30.048297, 7.364789,14.601569,13.601665,16.606254,18.016015,28.214212,29.922246, 7.304007,14.400831
22.400361,21.508193,22.719918,31.474478,30.972954,15.001922,20.484985,19.708021,19.238163,20.980072,29.745898,29.454828,14.269825,19.498202,18.756277,18.381622,20.188703,28.801490,28.504095,13.791174,19.036356,18.359907,18.166120,19.968748,28.532430,28.622514,13.883059,19.154291,18.515489,18.284420,20.130234,28.709930,28.662849,13.826753,18.757153,18.164317,17.854101,19.780405,28.594593,28.032633,13.493280,18.450328,17.900660,17.822067,19.710081,28.235738,28.102572,13.615547,18.703055,18.152287,17.944010,19.790969,28.347136,28.367318,13.840656,19.232856
 9.647106,14.329593,15.544952,25.142800,24.791875, 7.174106,10.831994, 9.597084,14.110415,15.304116,24.833860,24.506184, 7.089468,10.718714, 9.497349,13.979481,15.186780,24.673462,24.347401, 7.041997,10.670629, 9.460199,13.951047,15.155548,24.630410,24.364465, 7.049030,10.678941, 9.472099,13.960306,15.169124,24.639667,24.347847, 7.036861,10.628638, 9.431823,13.891918,15.113666,24.617162,24.249301, 7.004494,10.598250, 9.407227,13.891270,15.108499,24.566557,24.267746, 7.019189,10.629411, 9.436604,13.915655,15.126041,24.595416,24.320206, 7.045384,10.689394
 9.482316, 9.403034,10.508432,13.513832, 8.938730, 6.313298, 8.656218, 8.914220, 8.981645,10.204741,13.251171, 8.782635, 6.201727, 8.503460, 8.756301, 8.835348,10.064927,13.100755, 8.678080, 6.123068, 8.428351, 8.686857, 8.795975,10.024627,13.055446, 8.690654, 6.138847, 8.448924, 8.714797, 8.819916,10.057355,13.090967, 8.700069, 6.132331, 8.387964, 8.656962, 8.745867, 9.995357,13.072257, 8.627820, 6.076215, 8.336008, 8.610343, 8.738925, 9.981667,13.012407, 8.634968, 6.095566, 8.375583, 8.651549, 8.758060, 9.994050,13.027228, 8.662170, 6.130954, 8.460268
17.479866,18.375733,21.610363,32.922540,28.932718,19.461415,18.563089,16.845661,17.825368,21.159931,32.438350,28.551190,19.208348,18.318489,16.620549,17.606485,20.942519,32.157698,28.300561,19.037005,18.200406,16.524514,17.550274,20.880368,32.076754,28.330516,19.069607,18.230979,16.563099,17.582527,20.928004,32.134370,28.348179,19.053705,18.133589,16.481435,17.474944,20.834619,32.105066,28.181992,18.933354,18.053979,16.417033,17.465048,20.813170,31.994345,28.198017,18.975687,18.117438,16.476159,17.494488,20.832835,32.023558,28.264356,19.053726,18.250163
18.491470,18.315867,23.380543,37.730839,29.829552,17.665910,17.330910,17.133491,17.186017,22.373031,36.572298,28.999556,17.174176,16.839764,16.647652,16.736629,21.884411,35.900277,28.453250,16.839659,16.603745,16.438452,16.620063,21.744225,35.704210,28.522737,16.907808,16.669466,16.524133,16.694730,21.860157,35.863179,28.569272,16.880208,16.480401,16.354963,16.478126,21.651397,35.786628,28.201783,16.645044,16.318384,16.213085,16.454983,21.604521,35.527465,28.241142,16.725562,16.442353,16.337431,16.513062,21.647048,35.590972,28.381069,16.879123,16.711848
 9.733281, 9.987894,12.720472,17.907475,16.222005, 9.139161,11.446692, 9.884147,10.163511,12.897461,18.090244,16.372405, 9.222530,11.544812, 9.970278,10.244310,12.983167,18.190799,16.465916, 9.276437,11.591597,10.005597,10.263458,13.006244,18.217345,16.452529, 9.266678,11.581075, 9.991536,10.256132,12.992905,18.207763,16.456087, 9.276155,11.628226,10.029388,10.302028,13.034059,18.219341,16.516927, 9.314785,11.658895,10.053830,10.303271,13.041809,18.259539,16.510045, 9.298401,11.628315,10.025819,10.288088,13.029603,18.242142,16.477571, 9.269942,11.571990
15.694882,14.129602,19.465151,28.656824,25.438687,12.517669,13.792951,14.895673,13.416200,18.723749,27.857341,24.793101,12.200444,13.449715,14.529390,13.110506,18.369976,27.415110,24.390975,11.995329,13.289793,14.377145,13.034582,18.271247,27.288946,24.441741,12.034701,13.330108,14.436164,13.076328,18.341682,27.368685,24.450650,12.006538,13.188228,14.298570,12.920892,18.181802,27.311181,24.183256,11.862401,13.080318,14.195458,12.910210,18.153696,27.149000,24.218281,11.917032,13.171419,14.296006,12.956512,18.193101,27.204875,24.333960,12.018088,13.360603
13.461724,14.468586,18.420809,24.828890,21.506279,11.534849,15.507859,13.161350,14.109446,18.053959,24.452504,21.201049,11.370198,15.295636,12.981278,13.932160,17.867377,24.237735,21.011273,11.266173,15.198389,12.907336,13.889093,17.814658,24.176604,21.034538,11.286036,15.223192,12.936131,13.915011,17.853761,24.218600,21.040399,11.272347,15.139914,12.872841,13.830148,17.772881,24.192595,20.916361,11.200078,15.073979,12.822516,13.822957,17.758875,24.117174,20.934379,11.226953,15.128354,12.870158,13.848689,17.778330,24.142013,20.985865,11.278343,15.243924
13.194450,16.221411,23.138687,34.862605,23.368736,11.814486,14.835244,12.455779,15.524258,22.484867,34.187243,22.967730,11.609776,14.574454,12.234006,15.273746,22.181452,33.802629,22.701275,11.466365,14.446875,12.136509,15.206522,22.094152,33.686789,22.734311,11.495604,14.482065,12.175537,15.247714,22.164699,33.777172,22.755564,11.482361,14.376855,12.093733,15.119825,22.028190,33.726259,22.570648,11.379752,14.287997,12.027701,15.108079,21.999858,33.575898,22.590649,11.415596,14.356158,12.086346,15.141799,22.028207,33.615253,22.661360,11.481693,14.502557
14.279507,19.206694,34.469591,44.386896,26.897770, 9.777496,17.044105,13.676215,18.447033,33.457482,43.419933,26.354578, 9.573818,16.705278,13.400473,18.109920,32.955509,42.863175,26.006983, 9.440618,16.545616,13.285186,18.025942,32.813121,42.705384,26.049720, 9.466008,16.586621,13.331115,18.074701,32.920291,42.815014,26.067964, 9.451664,16.452916,13.232809,17.911886,32.705791,42.755641,25.840783, 9.358896,16.345691,13.154938,17.897040,32.660092,42.544940,25.866404, 9.392200,16.432803,13.227450,17.943772,32.708145,42.605473,25.959661, 9.454953,16.616193
10.913760,11.940050,17.092768,25.199968,26.560329, 8.957820,14.721549,14.144868,14.626246,19.533239,27.652390,28.851669, 9.774563,16.057856,15.427794,15.841155,20.879821,29.244148,30.552260,10.405406,16.768177,16.042995,16.188165,21.293188,29.742076,30.316198,10.264013,16.551072,15.779691,15.944136,20.921899,29.284521,30.121569,10.304392,17.118446,16.264700,16.580208,21.536675,29.485455,31.348837,10.777486,17.656232,16.713007,16.660591,21.683399,30.146996,31.215612,10.618593,17.261843,16.338973,16.494324,21.564264,30.005435,30.770548,10.318218,16.420171
15.350924,15.949828,25.761016,37.134187,26.106409,11.815986,16.707121,15.245226,15.733647,25.435701,36.765708,25.863270,11.708344,16.568430,15.118913,15.613974,25.277723,36.571069,25.723998,11.645836,16.507646,15.070858,15.587471,25.235555,36.519556,25.739879,11.655339,16.518636,15.087204,15.595891,25.254848,36.531147,25.727984,11.640893,16.455975,15.035139,15.532456,25.180856,36.506810,25.641535,11.597958,16.417706,15.003179,15.531488,25.171264,36.439925,25.655042,11.616981,16.456832,15.041041,15.553529,25.194072,36.474256,25.701355,11.650516,16.530814
13.890206,15.015007,28.927799,43.095229,27.391510,12.650984,16.694814,16.419310,16.910947,31.088901,45.210093,28.560239,13.204092,17.456444,17.168344,17.617621,32.170009,46.516455,29.416657,13.634778,17.858283,17.527200,17.823992,32.497738,46.933976,29.301887,13.537696,17.734454,17.376249,17.680295,32.199531,46.543651,29.193089,13.562712,18.051093,17.658228,18.054657,32.699397,46.727224,29.822424,13.884199,18.352005,17.913133,18.099559,32.815363,47.271628,29.758070,13.778053,18.137770,17.704797,18.008026,32.723607,47.160957,29.538935,13.580195,17.669846
14.744140,14.774665,17.993817,22.704529,21.480943,12.660004,15.392364,14.070259,14.210987,17.516545,22.273591,21.112314,12.439971,15.122904,13.822916,13.980605,17.279908,22.019016,20.866048,12.288461,14.992354,13.715085,13.920054,17.211106,21.943704,20.897034,12.319691,15.029302,13.759250,13.960154,17.269249,22.007354,20.920398,12.308135,14.926609,13.674371,13.850095,17.168592,21.978185,20.753567,12.201176,14.835783,13.600738,13.837251,17.145720,21.880052,20.771691,12.237086,14.903528,13.663496,13.866226,17.165385,21.902510,20.833035,12.306289,15.052821
 4.016711, 5.146999, 7.598667,12.404778,11.029194, 6.841251, 7.226617, 6.806001, 7.628595, 9.746955,14.668028,12.813134, 7.981849, 8.466748, 7.981215, 8.814798,10.993127,16.195977,14.195860, 8.907675, 9.156357, 8.566775, 9.162502,11.381476,16.680340,13.991548, 8.695382, 8.942652, 8.309160, 8.921459,11.033088,16.244146,13.843991, 8.760922, 9.519752, 8.795666, 9.590928,11.634113,16.446619,14.869376, 9.479073,10.061187, 9.236918, 9.666386,11.776734,17.109410,14.755647, 9.227319, 9.648279, 8.852617, 9.483266,11.650290,16.950455,14.363807, 8.767891, 8.812281
14.451346,13.236015,20.918806,25.347889,22.431186,12.406639,14.446795,14.004005,12.811897,20.404794,24.881499,22.051119,12.196848,14.209048,13.773482,12.616166,20.150263,24.616653,21.812321,12.062208,14.098311,13.678316,12.568114,20.078538,24.542003,21.841037,12.087060,14.125437,13.715139,12.594267,20.129239,24.588720,21.848250,12.069822,14.029567,13.631062,12.498307,20.018603,24.559138,21.693099,11.976207,13.955657,13.566882,12.490718,19.996913,24.460866,21.711927,12.010937,14.017548,13.628678,12.519182,20.023184,24.492353,21.778087,12.075709,14.146093
 6.362321, 8.369689,10.385252,15.686673,13.352778, 4.576327, 7.329702, 6.483051, 8.464076,10.446199,15.742364,13.393061, 4.593027, 7.358877, 6.509239, 8.494524,10.478669,15.782349,13.430029, 4.609097, 7.376248, 6.523659, 8.504756,10.489142,15.795492,13.423202, 4.604465, 7.369209, 6.516476, 8.495290,10.476081,15.776355,13.412492, 4.603239, 7.380006, 6.525004, 8.510474,10.489773,15.780853,13.441270, 4.615510, 7.393795, 6.535808, 8.514251,10.495304,15.800895,13.440222, 4.612444, 7.385936, 6.529138, 8.511893,10.494282,15.800808,13.432626, 4.605869, 7.366388
21.316700,22.248988,29.014453,41.405814,36.188554,17.870122,23.549364,21.000477,21.756488,28.439778,40.751341,35.640762,17.600612,23.214554,20.696674,21.465689,28.127907,40.362523,35.296174,17.434101,23.059789,20.576148,21.399403,28.040903,40.262745,35.338836,17.462307,23.094904,20.625050,21.431743,28.098864,40.315920,35.348161,17.443398,22.962445,20.517438,21.298320,27.975641,40.293646,35.141958,17.331106,22.864957,20.436393,21.286341,27.943125,40.141551,35.159836,17.372497,22.952197,20.517929,21.328157,27.972938,40.187292,35.255450,17.450879,23.125270
17.266929,17.680690,22.194632,31.725564,24.827018,16.151339,17.549767,15.575031,16.274292,20.987648,30.511987,23.975477,15.598699,16.937035,15.027874,15.748839,20.418556,29.817147,23.413311,15.217852,16.640812,14.790109,15.610407,20.255558,29.612411,23.485776,15.296653,16.724219,14.887222,15.698591,20.391016,29.779342,23.534471,15.265182,16.485569,14.693513,15.439937,20.143484,29.694779,23.151266,14.996064,16.281350,14.532343,15.413158,20.088441,29.424120,23.191536,15.088177,16.436670,14.673197,15.481386,20.138834,29.490782,23.337098,15.262615,16.775285
16.489047,16.609961,18.088977,23.809618,28.482765,13.284863,17.492133,15.503997,15.772186,17.445031,23.204855,27.837465,12.979107,17.089412,15.144318,15.434961,17.131326,22.852564,27.410131,12.769847,16.894707,14.988542,15.346812,17.040792,22.749365,27.463476,12.812038,16.948165,15.051539,15.401969,17.114365,22.831194,27.499304,12.794497,16.791835,14.925169,15.238396,16.979943,22.791385,27.211703,12.647111,16.657933,14.819359,15.220743,16.949144,22.654020,27.241302,12.697328,16.759956,14.911737,15.264253,16.976257,22.687381,27.350699,12.792831,16.981617
 5.028686, 5.180526, 6.126810, 9.016392, 9.390941, 6.319061, 5.474022, 4.896090, 5.039845, 5.998569, 8.879924, 9.260805, 6.230641, 5.397345, 4.826082, 4.973669, 5.934401, 8.801770, 9.178874, 6.174138, 5.361619, 4.797372, 4.957587, 5.916332, 8.779995, 9.188553, 6.184301, 5.370185, 4.808536, 4.966116, 5.928920, 8.793190, 9.191086, 6.177226, 5.339335, 4.783067, 4.934012, 5.901442, 8.785223, 9.138529, 6.138113, 5.315745, 4.763802, 4.931471, 5.895807, 8.755943, 9.144559, 6.152620, 5.335722, 4.782520, 4.941036, 5.902299, 8.765178, 9.167187, 6.179559, 5.376751
 4.618442, 5.582959,10.477305,14.291588,11.787108, 6.229837, 7.782808, 7.494942, 8.020042,13.105960,16.661431,13.529429, 7.198762, 9.006212, 8.676666, 9.166885,14.618952,18.256235,14.876314, 7.982432, 9.683248, 9.263704, 9.503000,15.090364,18.762101,14.678958, 7.802311, 9.472102, 9.005410, 9.266625,14.662520,18.296934,14.526062, 7.853452,10.029646, 9.484422, 9.903276,15.383114,18.505531,15.522056, 8.458133,10.558861, 9.924299, 9.978524,15.556310,19.194129,15.413329, 8.249306,10.161005, 9.547252, 9.807372,15.409353,19.037171,15.040215, 7.864909, 9.345034
15.922651,17.994252,26.800858,41.666805,31.406131,20.114719,18.466927,15.725821,18.024936,26.968193,41.933259,31.620645,20.252518,18.582528,15.819450,18.123974,27.086267,42.095418,31.749064,20.331877,18.632190,15.856661,18.145696,27.120457,42.139063,31.730176,20.315265,18.618883,15.842598,18.129738,27.095059,42.106925,31.732719,20.329184,18.662057,15.871459,18.172198,27.143780,42.126606,31.812673,20.383326,18.697310,15.899407,18.177923,27.150331,42.174624,31.795161,20.362948,18.668251,15.873989,18.162338,27.136362,42.155325,31.760265,20.317696,18.601765
 8.979535,10.399901,17.952830,28.575802,20.937094, 9.415747,10.700220, 9.384310,10.752099,18.335565,28.993040,21.212082, 9.545761,10.853491, 9.519451,10.892953,18.532554,29.252571,21.410135, 9.643493,10.932189, 9.582738,10.932814,18.591949,29.333172,21.382601, 9.621070,10.907296, 9.555642,10.903214,18.535877,29.252853,21.355740, 9.625612,10.966714, 9.602409,10.972674,18.621946,29.285763,21.497273, 9.696989,11.024771, 9.647300,10.982611,18.643115,29.390882,21.482553, 9.674279,10.984400, 9.611953,10.965710,18.628106,29.372157,21.434612, 9.629673,10.892940
15.265642,20.165743,18.473136,30.030189,21.926992, 9.161982,14.726720,14.279148,19.133186,17.820100,29.289347,21.439115, 8.950139,14.390455,13.951353,18.734782,17.504671,28.855749,21.112393, 8.803171,14.226567,13.808315,18.629504,17.413354,28.727806,21.153039, 8.833044,14.272240,13.866742,18.696493,17.489232,28.832603,21.184159, 8.822082,14.142533,13.752072,18.503470,17.354525,28.784079,20.962920, 8.718324,14.029519,13.655159,18.482014,17.322766,28.613042,20.984624, 8.753200,14.114458,13.738655,18.532163,17.348939,28.652209,21.066988, 8.819336,14.299565
15.879942,16.935875,22.814736,30.176695,27.432507,12.769096,16.317597,15.029548,16.058375,21.920661,29.299366,26.700876,12.426206,15.890881,14.634442,15.670496,21.482512,28.801000,26.239319,12.205022,15.691743,14.471092,15.575019,21.359285,28.660850,26.295864,12.246587,15.741915,14.535669,15.628894,21.449787,28.753971,26.315700,12.221034,15.572836,14.393922,15.440944,21.261890,28.700283,26.015800,12.067604,15.440297,14.284144,15.425108,21.223103,28.513428,26.050468,12.123587,15.549903,14.388396,15.479912,21.266458,28.570003,26.176239,12.228540,15.779069
13.968465,13.981850,23.937031,36.038784,24.774931,11.055411,15.080721,13.910568,13.835396,23.691703,35.728167,24.560712,10.956114,14.953592,13.793064,13.726679,23.543747,35.532988,24.423069,10.894602,14.895355,13.745535,13.701410,23.500786,35.480726,24.439894,10.906023,14.910333,13.765046,13.717977,23.534541,35.520864,24.449321,10.900826,14.865637,13.729273,13.673374,23.479854,35.508974,24.365962,10.859589,14.827173,13.696599,13.666765,23.465463,35.437702,24.375411,10.873343,14.857408,13.725098,13.680149,23.476629,35.454092,24.408102,10.901975,14.923693
28.162215,29.598019,37.436999,61.338967,46.989675,27.158666,29.157748,27.226238,28.788193,36.725736,60.511433,46.419255,26.832202,28.802581,26.891602,28.462489,36.377715,60.025713,46.039950,26.608627,28.630101,26.747282,28.377864,36.277344,59.884321,46.085911,26.652349,28.676235,26.805787,28.429033,36.357257,59.992139,46.117255,26.633718,28.537050,26.686802,28.270873,36.208902,59.941007,45.863997,26.476324,28.419424,26.589381,28.254579,36.174147,59.749494,45.888528,26.530404,28.510602,26.676015,28.296930,36.204096,59.796362,45.986249,26.631634,28.704809
10.727359,14.213639,19.931887,28.920545,19.925150, 6.666999,12.836025,11.395016,14.822085,20.447395,29.423403,20.235790, 6.781820,13.057983,11.592917,15.054975,20.715268,29.745718,20.467317, 6.870841,13.173708,11.687613,15.122705,20.797561,29.848367,20.435369, 6.849709,13.135124,11.646048,15.068302,20.713986,29.734632,20.394770, 6.851233,13.216630,11.710632,15.179080,20.827713,29.774445,20.562553, 6.916400,13.303319,11.777797,15.197853,20.857892,29.906327,20.545910, 6.896925,13.246891,11.728611,15.173199,20.841415,29.889792,20.494927, 6.857752,13.114282
 8.073530, 8.210880,12.437257,14.274610,18.622966, 5.627749, 8.770042, 7.770947, 7.899848,12.083117,13.970109,18.262882, 5.509405, 8.597102, 7.616266, 7.754975,11.904214,13.793682,18.031865, 5.431929, 8.515580, 7.551261, 7.718789,11.853222,13.743598,18.060912, 5.446989, 8.536854, 7.577149, 7.740332,11.892041,13.779293,18.072967, 5.438597, 8.468762, 7.522393, 7.670574,11.815534,13.760034,17.921594, 5.384554, 8.413526, 7.478055, 7.663812,11.799298,13.693666,17.939255, 5.403831, 8.457949, 7.518795, 7.683882,11.816454,13.712594,18.001000, 5.440648, 8.552485
16.382869,15.710222,18.194318,23.105970, 7.077213, 3.103478,15.281233,16.374152,15.686033,18.161393,23.071732, 7.066282, 3.098665,15.266930,16.353027,15.666977,18.144510,23.051019, 7.060318, 3.096920,15.260950,16.348912,15.665351,18.140923,23.049732, 7.060126, 3.096062,15.257942,16.350093,15.658687,18.136741,23.037795, 7.058873, 3.095710,15.250438,16.339740,15.651187,18.134326,23.045979, 7.058573, 3.095235,15.251858,16.339412,15.652343,18.129567,23.032532, 7.056581, 3.095675,15.256170,16.345627,15.655632,18.130743,23.037361, 7.058908, 3.095693,15.255769
24.422126,27.084370,34.284249,46.037337,34.444060,18.888162,25.259286,22.298829,25.080149,32.483301,44.285340,33.249867,18.231513,24.379199,21.518730,24.274240,31.608678,43.271331,32.468706,17.788822,23.959318,21.184878,24.066629,31.358260,42.976959,32.568154,17.879045,24.076463,21.321696,24.200890,31.566220,43.217723,32.635185,17.842947,23.742292,21.054153,23.817447,31.196203,43.103934,32.112670,17.533282,23.455247,20.828162,23.775376,31.112707,42.715710,32.169095,17.638758,23.674100,21.025239,23.878235,31.187674,42.809791,32.367140,17.841579,24.153131
16.215905,16.586960,20.954624,28.410901,26.028817,13.931171,16.132275,15.110415,15.761615,20.294865,27.806332,25.544546,13.666389,15.811465,14.806619,15.470000,19.979163,27.443335,25.203155,13.471453,15.649388,14.668389,15.388632,19.885576,27.332503,25.245728,13.512955,15.697254,14.725823,15.443523,19.969017,27.434123,25.291875,13.504406,15.575758,14.621256,15.302095,19.834960,27.393379,25.054164,13.365085,15.461412,14.527088,15.283235,19.799438,27.243198,25.073302,13.408810,15.541337,14.602265,15.316238,19.821442,27.269351,25.153944,13.492424,15.721059
14.592375,14.554203,18.079610,24.582740,23.470818,13.851519,15.409517,13.985870,14.009703,17.587919,24.096700,23.048257,13.601845,15.133011,13.733230,13.776271,17.344700,23.814789,22.774273,13.435859,15.001555,13.626250,13.717134,17.275218,23.733745,22.808068,13.468227,15.036344,13.669268,13.752942,17.329498,23.793773,22.825995,13.451923,14.928216,13.580034,13.640396,17.225553,23.762897,22.644776,13.335782,14.838960,13.507621,13.629420,17.203103,23.655694,22.665039,13.376731,14.909707,13.573416,13.660923,17.225501,23.684681,22.737003,13.454161,15.060390
13.477936,16.194861,23.620553,33.724959,25.025685,11.553165,14.218656,13.191973,15.730224,23.036437,33.072555,24.565381,11.339214,13.969895,12.959132,15.476625,22.733152,32.697882,24.281372,11.207493,13.856113,12.866497,15.417936,22.648891,32.598435,24.315824,11.230179,13.881944,12.902675,15.446715,22.703954,32.650801,24.319180,11.212362,13.781683,12.818255,15.326179,22.577585,32.619204,24.144075,11.122599,13.708707,12.756027,15.317076,22.550219,32.478823,24.163562,11.156676,13.773775,12.819114,15.354980,22.581997,32.525879,24.244185,11.220519,13.904445
14.194974,15.186461,23.459210,34.643670,28.155417,13.553696,14.598696,13.435211,14.394904,22.541573,33.655411,27.428785,13.208610,14.236165,13.099287,14.065648,22.115063,33.119265,26.983562,12.989001,14.068020,12.962502,13.985779,21.998252,32.970362,27.038446,13.028403,14.107023,13.014795,14.023113,22.073331,33.045983,27.037990,12.994690,13.951394,12.882599,13.851248,21.878626,32.980503,26.747454,12.841068,13.841265,12.791341,13.842887,21.843974,32.779673,26.782707,12.901820,13.940302,12.886559,13.895618,21.894746,32.855516,26.917905,13.010391,14.136934
19.163145,19.409745,21.755131,30.274616,25.769428,12.894825,18.435653,18.551671,18.772561,21.194603,29.680430,25.292011,12.649837,18.093822,18.209357,18.451983,20.894535,29.320201,24.977601,12.487831,17.931897,18.063871,18.371242,20.807103,29.217289,25.017157,12.520492,17.976916,18.123647,18.425881,20.880270,29.304027,25.045195,12.508197,17.852094,18.013019,18.282431,20.759616,29.269812,24.840524,12.396059,17.741044,17.913099,18.263144,20.730511,29.134400,24.863404,12.433152,17.824216,17.997521,18.302389,20.753998,29.164298,24.939168,12.507579,18.009555
15.037796,16.312655,23.391922,28.680556,24.465118,13.181245,15.297280,14.204234,15.567161,22.657116,28.042524,23.978885,12.918873,14.991513,13.917932,15.279959,22.309169,27.678561,23.660999,12.740246,14.843903,13.794975,15.205507,22.210126,27.572656,23.700591,12.775367,14.883037,13.844332,15.248890,22.286833,27.649265,23.721415,12.757688,14.759539,13.738846,15.104505,22.133522,27.606474,23.507228,12.631377,14.658992,13.655863,15.091862,22.100389,27.464083,23.529535,12.676304,14.739121,13.732183,15.131511,22.133651,27.503437,23.615600,12.759179,14.907686
11.267735,11.977818,15.383915,22.224757,23.103529,11.872973,12.625118,12.688249,13.051982,16.226394,23.026335,23.821062,12.249713,13.046760,13.110028,13.449191,16.642885,23.513906,24.338442,12.538832,13.266488,13.310002,13.563850,16.767879,23.668553,24.267529,12.473210,13.198523,13.225772,13.483608,16.654162,23.524350,24.205745,12.491750,13.373452,13.384134,13.693853,16.847489,23.595000,24.585169,12.706840,13.537200,13.525960,13.718173,16.890379,23.794690,24.544072,12.634915,13.419304,13.408750,13.665792,16.853542,23.751732,24.409700,12.500292,13.161454
13.540272,11.677458,21.711476,23.254238,21.127420,10.911730,14.553058,12.811367,11.210232,21.171378,22.860298,20.815635,10.748526,14.332373,12.611370,11.047466,20.919836,22.630090,20.602949,10.632444,14.222162,12.523760,11.004123,20.847538,22.563010,20.628644,10.654928,14.251546,12.559983,11.028887,20.905174,22.613203,20.649559,10.647167,14.162841,12.486008,10.947258,20.797252,22.590904,20.506379,10.564864,14.088460,12.427610,10.939389,20.768869,22.493892,20.516255,10.592844,14.146409,12.480115,10.960272,20.789670,22.516158,20.571886,10.643276,14.266623
29.520516,37.237410,45.487444,63.105984,47.418273,29.049199,29.438940,26.223234,33.991282,42.822142,60.519434,45.694323,28.003620,28.346877,25.244645,32.832944,41.584617,59.042388,44.550066,27.276508,27.816134,24.817943,32.526044,41.230954,58.606740,44.698844,27.427843,27.966905,24.994000,32.721831,41.528333,58.966315,44.804605,27.371609,27.540804,24.645767,32.148284,40.989306,58.787398,44.021499,26.856951,27.175462,24.357411,32.089564,40.866703,58.204657,44.100063,27.032538,27.453039,24.609503,32.239097,40.975176,58.345346,44.396744,27.362916,28.056147
 7.234299, 7.614807,12.050673,21.946237,20.342998, 8.432815,10.356290,11.490679,10.857337,15.104747,25.597405,23.342185, 9.737611,11.984466,13.281535,12.411351,16.881922,28.072844,25.666548,10.791316,12.886232,14.169617,12.864447,17.435950,28.853071,25.324794,10.549947,12.605419,13.776284,12.545618,16.932851,28.135973,25.059324,10.616650,13.346484,14.500157,13.403368,17.772871,28.447073,26.768388,11.428595,14.049686,15.166109,13.505999,17.979373,29.520102,26.585125,11.148397,13.518665,14.593519,13.274102,17.808194,29.277362,25.941878,10.631946,12.434408
 2.296417, 3.092292, 5.920094,10.352723, 9.028553, 4.267665, 5.408631, 4.398081, 4.941891, 7.818719,12.442801,10.648061, 5.103551, 6.465711, 5.287223, 5.834552, 8.936335,13.873379,11.922278, 5.792962, 7.060864, 5.735806, 6.098720, 9.286600,14.329277,11.729275, 5.631932, 6.872698, 5.535304, 5.911694, 8.965922,13.907710,11.586122, 5.677684, 7.370174, 5.906799, 6.420260, 9.508764,14.098741,12.538928, 6.216695, 7.842704, 6.247856, 6.478586, 9.638921,14.725403,12.432929, 6.027888, 7.482912, 5.951692, 6.339449, 9.524943,14.577555,12.070059, 5.683708, 6.758161
18.491470,18.315867,23.380543,37.730839,29.829552,17.665910,17.330910,17.133491,17.186017,22.373031,36.572298,28.999556,17.174176,16.839764,16.647652,16.736629,21.884411,35.900277,28.453250,16.839659,16.603745,16.438452,16.620063,21.744225,35.704210,28.522737,16.907808,16.669466,16.524133,16.694730,21.860157,35.863179,28.569272,16.880208,16.480401,16.354963,16.478126,21.651397,35.786628,28.201783,16.645044,16.318384,16.213085,16.454983,21.604521,35.527465,28.241142,16.725562,16.442353,16.337431,16.513062,21.647048,35.590972,28.381069,16.879123,16.711848
11.604414,12.397664,17.991628,23.476014,21.530149,11.805032,11.691797,10.592952,11.563099,17.197637,22.762449,20.954794,11.487314,11.368027,10.294237,11.264979,16.829931,22.354030,20.571903,11.266279,11.209562,10.164524,11.186245,16.724798,22.234477,20.618914,11.309849,11.252069,10.217071,11.232202,16.808094,22.324058,20.651189,11.291740,11.122826,10.107720,11.082840,16.648113,22.278693,20.392300,11.135477,11.015265,10.020868,11.068769,16.610056,22.113393,20.414974,11.189376,11.098918,10.098885,11.107878,16.642445,22.154444,20.515918,11.288240,11.275872
17.503657,17.701692,35.288933,52.041464,39.365048,14.592117,17.117647,17.857449,18.042949,35.780791,52.577951,39.740224,14.735166,17.286802,18.026885,18.200446,36.037315,52.894706,39.989367,14.834690,17.368117,18.103599,18.243277,36.113526,52.995324,39.954065,14.811158,17.342130,18.072495,18.209118,36.042711,52.896105,39.933320,14.821431,17.407394,18.129865,18.287035,36.161522,52.952103,40.114631,14.894122,17.469049,18.185211,18.296610,36.178700,53.059301,40.082600,14.868964,17.425112,18.140198,18.275007,36.152997,53.030283,40.019469,14.818148,17.322441
 8.220776,10.692996,10.544024,15.351647,13.744972, 7.475443, 9.010893, 8.032502,10.415311,10.316769,15.098438,13.528673, 7.352849, 8.867792, 7.904720,10.265725,10.193575,14.946089,13.388755, 7.273422, 8.801049, 7.851005,10.228563,10.157747,14.902472,13.406091, 7.289285, 8.819315, 7.872630,10.253740,10.187100,14.938302,13.416519, 7.282048, 8.767007, 7.831492,10.187026,10.137095,14.922701,13.325613, 7.227186, 8.721109, 7.794515,10.178393,10.126251,14.867652,13.337260, 7.245737, 8.755858, 7.826123,10.197267,10.136498,14.880990,13.371300, 7.283142, 8.833551
18.208447,18.563801,20.048286,27.273577,22.683474,13.805635,14.726287,16.371327,17.151835,19.052999,26.345380,22.000314,13.383765,14.256859,15.851210,16.650746,18.580410,25.797258,21.528258,13.078917,14.023011,15.617603,16.513418,18.442267,25.632308,21.590058,13.144647,14.092592,15.715558,16.606709,18.565542,25.782752,21.648431,13.128758,13.913985,15.535921,16.362742,18.363480,25.718996,21.321006,12.911571,13.749923,15.376516,16.332005,18.312302,25.496149,21.350107,12.981448,13.867441,15.506967,16.391282,18.348130,25.539234,21.465315,13.115600,14.130239
 8.387778, 8.743423,10.740024,15.445526,14.173125, 8.528219, 8.506831, 8.162093, 8.524946,10.541382,15.236334,13.994666, 8.417963, 8.396711, 8.055230, 8.422109,10.437383,15.109433,13.876038, 8.344338, 8.343887, 8.009863, 8.396140,10.407138,15.073469,13.890215, 8.358432, 8.357869, 8.028390, 8.412300,10.431366,15.101507,13.900790, 8.353075, 8.316806, 7.992715, 8.365581,10.389733,15.090978,13.824366, 8.302184, 8.281231, 7.962000, 8.359731,10.378846,15.041271,13.831361, 8.319073, 8.308425, 7.988607, 8.372336,10.386804,15.052199,13.860320, 8.351913, 8.367251
 8.492134, 8.545579, 9.253784,14.258993,15.522014, 5.299632, 8.641511, 7.876345, 8.091363, 8.941452,13.945715,15.232144, 5.192498, 8.469939, 7.717157, 7.941554, 8.800849,13.767758,15.035470, 5.115043, 8.384148, 7.645990, 7.900347, 8.760315,13.713745,15.059811, 5.130860, 8.407860, 7.674646, 7.924783, 8.793112,13.755653,15.077632, 5.124496, 8.337278, 7.614291, 7.846368, 8.729231,13.732433,14.939624, 5.068676, 8.277586, 7.566316, 7.839297, 8.714932,13.659635,14.952151, 5.087931, 8.323073, 7.608758, 7.859194, 8.727727,13.677655,15.004745, 5.122723, 8.419851
16.873848,17.491177,18.803661,24.537222,23.531291,10.476934,15.598288,16.344820,16.971442,18.379822,24.129014,23.172485,10.313953,15.364966,16.097393,16.734620,18.165616,23.888413,22.938643,10.206701,15.253265,15.994392,16.676255,18.104786,23.822529,22.966740,10.225973,15.280458,16.035939,16.706895,18.148567,23.864137,22.980266,10.215893,15.187693,15.946793,16.593840,18.060539,23.845605,22.832340,10.141895,15.114790,15.877809,16.583094,18.037497,23.748598,22.844000,10.168016,15.175338,15.943100,16.615213,18.056532,23.774359,22.906708,10.216522,15.298844
12.867511,14.300483,21.293243,26.367971,32.530224,13.115695,15.224846,11.944346,13.428725,20.384199,25.555946,31.633006,12.747100,14.795886,11.602686,13.077377,19.944754,25.089022,31.050428,12.500028,14.591998,11.456957,12.986999,19.818955,24.952475,31.122174,12.549412,14.647564,11.515556,13.044031,19.920649,25.059851,31.166619,12.526703,14.482734,11.396770,12.875120,19.732209,25.005007,30.775938,12.353564,14.343207,11.298405,12.857902,19.692348,24.828768,30.820715,12.413600,14.450709,11.385456,12.903840,19.731547,24.874253,30.970148,12.527820,14.684437
 9.784318, 9.697020,12.292866,16.422834,19.991172, 8.997261, 8.844063, 8.998819, 9.035691,11.709160,15.873940,19.403661, 8.726888, 8.574787, 8.725784, 8.783451,11.437761,15.567487,19.026962, 8.545458, 8.446601, 8.609411, 8.718359,11.361018,15.477815,19.073757, 8.581245, 8.480423, 8.655257, 8.756208,11.419620,15.541577,19.094153, 8.561047, 8.371604, 8.554496, 8.628563,11.298211,15.502033,18.839091, 8.432945, 8.284203, 8.476118, 8.618169,11.274345,15.385559,18.868702, 8.479250, 8.354166, 8.548776, 8.653694,11.301568,15.420084,18.971874, 8.564829, 8.502465
11.571208,11.716632,13.965087,20.751228,22.634184,13.902878,14.999522,13.590570,13.374502,15.288310,22.114402,23.961100,14.724444,15.902911,14.410314,14.116468,15.997184,22.969112,24.905855,15.331567,16.367251,14.789935,14.321098,16.210081,23.230635,24.776851,15.199208,16.229684,14.629994,14.181303,16.025123,23.002196,24.685516,15.246315,16.606616,14.935379,14.563276,16.345728,23.109929,25.354136,15.694216,16.949304,15.207516,14.607473,16.417625,23.453488,25.277058,15.540374,16.691412,14.973873,14.504367,16.352008,23.371785,25.026616,15.249176,16.141353
11.608132,12.267925,15.789238,21.903507,24.898059,10.501938,13.321496,12.048562,12.597819,16.047884,22.143648,25.136234,10.607902,13.462527,12.175745,12.719761,16.178343,22.293071,25.310482,10.689558,13.535522,12.236443,12.755198,16.217945,22.340867,25.285676,10.669938,13.511153,12.210011,12.727042,16.178163,22.289058,25.258107,10.672684,13.564681,12.253102,12.787247,16.235768,22.310040,25.386108,10.732838,13.619587,12.296275,12.796349,16.249487,22.370110,25.371898,10.714115,13.582885,12.263602,12.782362,16.240044,22.360718,25.331217,10.676999,13.497551
16.026966,17.445005,25.560353,34.271034,27.069173,13.596748,16.804941,15.404743,16.866825,24.965687,33.702325,26.665267,13.393946,16.556214,15.174733,16.636283,24.681952,33.378841,26.403713,13.257571,16.436819,15.076900,16.577362,24.601614,33.285673,26.436150,13.283837,16.467631,15.115911,16.610415,24.661727,33.349058,26.449834,13.268921,16.365637,15.029915,16.493785,24.535997,33.311367,26.274954,13.172579,16.284818,14.963902,16.484438,24.509717,33.185761,26.293731,13.207616,16.350946,15.026243,16.517364,24.538132,33.222827,26.366269,13.271801,16.487964
10.462373,10.729720,12.343086,22.261321,18.837188, 8.436588,10.978723,10.726881,10.892254,12.439855,22.363412,18.907810, 8.470785,11.028968,10.775231,10.937170,12.484106,22.426424,18.963650, 8.500511,11.056289,10.800242,10.951813,12.497916,22.448961,18.955346, 8.492459,11.045882,10.789053,10.938612,12.481828,22.419698,18.942277, 8.492319,11.064434,10.805190,10.961927,12.502627,22.431875,18.987747, 8.515020,11.086277,10.823058,10.965840,12.507187,22.457576,18.982355, 8.508422,11.073402,10.811146,10.961454,12.504500,22.455427,18.970627, 8.495358,11.041231
 8.436396, 9.424488,11.116456,16.783736, 7.470367, 3.777877, 9.272086, 9.151600,10.309089,11.940009,17.716906, 7.888567, 4.010346, 9.767150, 9.635769,10.806236,12.414181,18.309571, 8.177460, 4.172514,10.013068, 9.851386,10.935009,12.555193,18.481526, 8.136843, 4.137969, 9.942167, 9.760127,10.846731,12.436256,18.336982, 8.114876, 4.152229,10.142556, 9.932005,11.088115,12.640343,18.400027, 8.309736, 4.269144,10.319884,10.087625,11.118242,12.687440,18.629962, 8.285744, 4.228579,10.181985, 9.951293,11.048135,12.642982,18.571843, 8.209077, 4.148784, 9.887755
 9.172759,12.110200,16.670116,29.457043,26.592791,13.918447,13.155211,12.876029,15.874861,20.010441,33.478355,29.848636,15.653297,14.848745,14.531604,17.720393,21.942451,36.167355,32.318929,17.017059,15.767494,15.337846,18.250021,22.541982,37.005883,31.966103,16.710666,15.487607,14.989184,17.882418,22.009616,36.251272,31.699191,16.802658,16.235910,15.637184,18.871380,22.903155,36.579408,33.485673,17.838132,16.941655,16.236290,18.995230,23.122990,37.722114,33.294001,17.485102,16.413656,15.727333,18.728929,22.943248,37.466960,32.625532,16.822720,15.313932
20.914744,21.233228,27.815090,44.285962,36.298588,19.222103,19.060199,20.172835,20.562705,27.179211,43.553233,35.752506,18.935302,18.776007,19.871800,20.280182,26.868319,43.131799,35.400658,18.745528,18.640987,19.745234,20.209242,26.780240,43.011758,35.443941,18.781725,18.675773,19.796057,20.250093,26.846832,43.095070,35.463331,18.761648,18.562178,19.686893,20.111521,26.712589,43.049448,35.231629,18.628780,18.471361,19.601612,20.099573,26.683954,42.888081,35.257107,18.676766,18.545542,19.681723,20.139127,26.714028,42.934645,35.352469,18.765893,18.700055
30.576362,27.649097,29.303947,37.662688,32.833723,20.472423,28.343501,27.450577,25.394975,27.682294,36.201675,31.703646,19.772012,27.357719,26.497280,24.580524,26.928117,35.371177,30.958522,19.287257,26.881365,26.081421,24.364286,26.712113,35.123374,31.054496,19.388738,27.017150,26.250902,24.504497,26.893896,35.329435,31.120228,19.348025,26.633204,25.912909,24.100574,26.561928,35.221515,30.606490,19.004215,26.302516,25.631155,24.059647,26.491572,34.901451,30.663590,19.122268,26.552244,25.876349,24.165672,26.559265,34.981207,30.856356,19.345358,27.099832
34.471940,36.851949,41.400143,56.909696,45.738970,33.086147,43.736139,42.509458,43.255462,45.992749,61.202485,48.775491,35.256692,46.696865,45.381376,45.934744,48.403863,63.894308,50.979883,36.912063,48.250404,46.741325,46.696685,49.133454,64.737433,50.680550,36.546798,47.785026,46.169320,46.179653,48.493888,63.993305,50.449682,36.668866,49.049345,47.271846,47.604812,49.612324,64.355469,52.045131,37.906114,50.211952,48.249144,47.764853,49.863635,65.463556,51.868529,37.482534,49.347611,47.416102,47.391091,49.639514,65.205789,51.280099,36.694983,47.510921
13.049727,13.858341,14.868950,21.055931,26.195590, 7.673172,13.037084,12.796562,13.605366,14.665732,20.853155,25.976948, 7.608067,12.933750,12.695718,13.507454,14.576683,20.748639,25.847633, 7.567237,12.886656,12.654794,13.483176,14.552298,20.717824,25.860954, 7.573983,12.896264,12.668403,13.492737,14.565422,20.729735,25.854813, 7.565429,12.849534,12.626088,13.438104,14.521263,20.712449,25.767291, 7.536451,12.818197,12.599206,13.437044,14.516169,20.676035,25.780845, 7.548669,12.846915,12.628553,13.454051,14.528350,20.693185,25.822037, 7.569603,12.903622
14.982909,14.716430,19.149166,25.063793,24.936205,13.532182,14.639082,14.404368,14.177255,18.626344,24.561224,24.481131,13.285161,14.374676,14.144091,13.940757,18.368967,24.273374,24.190067,13.123053,14.249838,14.034843,13.881468,18.295910,24.191257,24.225745,13.153975,14.281750,14.077933,13.915436,18.350289,24.247383,24.239799,13.135728,14.176225,13.983930,13.799645,18.238841,24.215211,24.048338,13.022425,14.092036,13.910024,13.789472,18.215691,24.106315,24.070322,13.063361,14.160512,13.979094,13.822721,18.240932,24.138412,24.149223,13.140111,14.304533
 9.968126,11.034169,13.352521,18.002145,13.788587,10.459798,11.786764,11.019938,12.005748,14.158991,18.772081,14.330970,10.875230,12.262187,11.462171,12.446316,14.591571,19.253049,14.713794,11.178522,12.503109,11.665980,12.567622,14.721804,19.400821,14.661659,11.111199,12.430082,11.580510,12.480531,14.605289,19.264298,14.621050,11.132784,12.619652,11.736965,12.699259,14.796725,19.325840,14.891246,11.354424,12.797501,11.882702,12.727757,14.839406,19.514260,14.858732,11.280506,12.668322,11.762534,12.670106,14.802094,19.473194,14.762006,11.136345,12.382647
 3.412278, 5.516943, 7.804586,11.597124, 9.635180, 5.790912, 5.704173, 5.820576, 8.116566, 9.988347,13.721728,11.219950, 6.786388, 6.721732, 6.854190, 9.378578,11.269054,15.167467,12.452255, 7.593884, 7.287419, 7.369141, 9.747555,11.669007,15.624534,12.268866, 7.407579, 7.110385, 7.140585, 9.486754,11.305205,15.203955,12.131344, 7.460981, 7.578774, 7.562549,10.190027,11.916419,15.390492,13.042126, 8.086178, 8.022960, 7.951019,10.272964,12.064013,16.016447,12.941200, 7.868814, 7.686119, 7.615501,10.080984,11.937276,15.871228,12.596382, 7.468912, 7.001151
 7.401532, 7.890801,10.993659,19.642907,22.313854, 6.907709,11.527311, 9.694583, 9.965545,12.934754,22.044405,24.777881, 7.733792,12.862229,10.828095,11.033075,14.071292,23.648109,26.620926, 8.368367,13.574348,11.371651,11.333804,14.422963,24.141726,26.359663, 8.226925,13.358799,11.137920,11.122788,14.111697,23.696176,26.164968, 8.270083,13.931718,11.566321,11.676326,14.624459,23.882754,27.476331, 8.746094,14.473097,11.968655,11.749797,14.751509,24.550708,27.332333, 8.585420,14.070227,11.630175,11.599751,14.649258,24.404516,26.844448, 8.277847,13.218918
 9.132748, 9.430159,11.503871,18.047755,16.080862, 7.791734, 9.434698, 9.297137, 9.590393,11.647762,18.210485,16.214448, 7.860051, 9.517100, 9.379189, 9.668360,11.726787,18.314530,16.311033, 7.910301, 9.559856, 9.416737, 9.689414,11.750383,18.343951,16.297226, 7.899661, 9.547597, 9.400610, 9.676287,11.730557,18.319453,16.286549, 7.901962, 9.580901, 9.430149, 9.714350,11.763083,18.327110,16.350686, 7.937912, 9.610820, 9.456886, 9.719909,11.773799,18.373361,16.347304, 7.926503, 9.588429, 9.434533, 9.710189,11.767882,18.364738,16.322318, 7.904144, 9.540534
13.984354,12.072932,14.030829,22.769208,23.651081, 8.664472,12.771812,14.422138,12.276704,14.136314,22.857614,23.718521, 8.693032,12.824698,14.481846,12.323838,14.184288,22.919153,23.785956, 8.724027,12.857317,14.516542,12.341381,14.200204,22.942186,23.775052, 8.714905,12.843611,14.499817,12.324713,14.179162,22.906863,23.750069, 8.711578,12.862031,14.518832,12.349073,14.200400,22.916586,23.807363, 8.735736,12.888778,14.543952,12.355123,14.208308,22.947794,23.805063, 8.730159,12.875507,14.530326,12.352638,14.207704,22.949543,23.793899, 8.718723,12.840017
12.640577,12.475183,14.014841,20.093115,18.032091, 9.237353,12.829548,12.414238,12.151308,13.690022,19.725866,17.715871, 9.071968,12.615589,12.203096,11.959427,13.512655,19.505209,17.515048, 8.969379,12.516148,12.119111,11.915412,13.462765,19.448671,17.538965, 8.986315,12.538313,12.152948,11.936471,13.495867,19.478803,17.546514, 8.975815,12.455237,12.079472,11.850149,13.427703,19.468606,17.427691, 8.907094,12.393099,12.023339,11.841531,13.407905,19.380322,17.436151, 8.931664,12.447638,12.078662,11.867891,13.423492,19.404792,17.490135, 8.978407,12.556461
14.290619,14.982098,16.042780,21.309667,19.915275,12.145531,15.753325,14.409698,15.094947,16.130588,21.393067,19.985220,12.187060,15.804568,14.458130,15.141141,16.172621,21.440089,20.030064,12.214608,15.829694,14.477959,15.151926,16.183765,21.451867,20.023235,12.209625,15.823823,14.469204,15.147860,16.176777,21.447378,20.023412,12.213270,15.848405,14.490525,15.173738,16.196000,21.450930,20.051855,12.232921,15.864293,14.504032,15.174480,16.200766,21.471482,20.049911,12.224733,15.847922,14.488186,15.166055,16.195231,21.463681,20.034294,12.210848,15.819180
15.160161,15.847395,18.523352,27.232232,24.525712,15.633147,17.205587,16.179348,16.724533,19.223648,27.960405,25.120826,16.017546,17.639345,16.583883,17.109005,19.593855,28.412118,25.539544,16.297790,17.858013,16.770107,17.215139,19.705100,28.551372,25.482233,16.234746,17.790564,16.691687,17.137033,19.603341,28.418321,25.434462,16.253051,17.959845,16.831784,17.325624,19.765965,28.477061,25.730711,16.457101,18.121090,16.964392,17.351134,19.802323,28.652898,25.694947,16.390020,18.005972,16.857001,17.302391,19.771536,28.616513,25.591418,16.257969,17.747361
 9.800973,10.576072,16.481198,25.192255,19.010147, 9.833934,11.597441,10.940721,11.504839,17.394376,26.136830,19.643750,10.170251,12.003860,11.323940,11.873368,17.855159,26.710668,20.090941,10.420213,12.211878,11.501702,11.976619,17.992498,26.889035,20.030580,10.365100,12.149554,11.427575,11.906061,17.871806,26.730638,19.984659,10.384033,12.317631,11.570430,12.098027,18.083108,26.809850,20.305885,10.568317,12.470730,11.696228,12.119381,18.128794,27.039910,20.269207,10.505457,12.357540,11.589520,12.069391,18.086512,26.986009,20.151593,10.387360,12.112473
14.334225,14.753646,19.785739,28.552192,26.434275,15.786133,15.928169,15.654284,15.741224,20.609155,29.343312,27.068514,16.163747,16.325684,16.044691,16.101075,21.005480,29.810387,27.509179,16.442782,16.527780,16.224006,16.201602,21.121996,29.955931,27.451156,16.382431,16.468484,16.149923,16.135555,21.021921,29.832193,27.409349,16.405782,16.635164,16.299019,16.326939,21.206896,29.899674,27.727359,16.611469,16.782305,16.424036,16.345148,21.244631,30.086333,27.690787,16.539564,16.671188,16.314742,16.295004,21.206410,30.038894,27.571901,16.407872,16.434257
 6.298808, 6.121693, 9.140576,11.744083,12.843935, 5.734618, 7.048927, 6.814765, 6.511716, 9.506944,12.065466,13.152905, 5.882640, 7.232667, 6.991972, 6.668241, 9.693138,12.261473,13.371160, 5.992383, 7.326453, 7.074052, 6.711904, 9.748568,12.321900,13.340801, 5.967768, 7.297785, 7.039328, 6.681207, 9.698711,12.266333,13.317003, 5.975303, 7.372480, 7.104017, 6.761426, 9.782869,12.292628,13.473035, 6.055882, 7.441379, 7.162247, 6.770976, 9.801716,12.371236,13.455488, 6.028777, 7.390895, 7.113531, 6.750211, 9.785158,12.353712,13.398824, 5.977054, 7.280442
 9.878907,10.420821,14.408136,20.415557,16.122997, 7.887031,10.310999, 9.927807,10.497109,14.498243,20.520103,16.206148, 7.931461,10.368161, 9.981174,10.549151,14.556759,20.591171,16.265983, 7.963281,10.396555,10.005897,10.563086,14.574747,20.612250,16.256097, 7.955129,10.386370, 9.994470,10.549953,14.555310,20.586130,16.246783, 7.955844,10.405808,10.009468,10.571798,14.578216,20.593783,16.288051, 7.978636,10.427328,10.027970,10.576769,14.584327,20.620225,16.282495, 7.971922,10.413247,10.014857,10.571164,14.580632,20.617131,16.269486, 7.956555,10.378534
16.984238,18.932651,29.990898,49.597836,36.338213,19.415369,21.189652,18.577612,20.156049,31.146595,50.846499,37.125519,19.840246,21.683988,19.012281,20.587501,31.707792,51.605132,37.697697,20.169544,21.942061,19.219850,20.714124,31.877562,51.849851,37.622120,20.094609,21.861521,19.133311,20.623980,31.720306,51.613892,37.544603,20.112280,22.060732,19.292274,20.849089,31.977832,51.724651,37.966769,20.356489,22.253397,19.438387,20.877264,32.036931,52.036754,37.922855,20.277450,22.119978,19.322110,20.823985,31.991615,51.977075,37.781337,20.128414,21.820796
16.685134,16.535124,17.271018,23.857464,22.583167,15.266645,15.996573,15.474818,15.654998,16.682675,23.323006,22.155577,14.985083,15.691369,15.174557,15.376502,16.428447,23.029544,21.873348,14.785770,15.540164,15.043203,15.301279,16.356535,22.941796,21.906118,14.823403,15.578167,15.094115,15.339056,16.408335,22.997393,21.922722,14.802005,15.446719,14.973624,15.187793,16.290039,22.959178,21.727188,14.658852,15.344322,14.886787,15.178133,16.264741,22.838106,21.743964,14.710964,15.427435,14.969622,15.218120,16.290546,22.873559,21.824499,14.800967,15.596423
10.518960,10.063244,11.931483,20.723063,20.004565, 5.202731, 9.865076,10.298150, 9.797531,11.667569,20.373443,19.685410, 5.110439, 9.706383,10.135166, 9.653400,11.526782,20.167305,19.482247, 5.051297, 9.632869,10.067198, 9.617897,11.486223,20.108595,19.507443, 5.062903, 9.652325,10.093966, 9.640628,11.517808,20.153014,19.518198, 5.056384, 9.592338,10.039440, 9.574394,11.459063,20.130340,19.386215, 5.015468, 9.542017, 9.992661, 9.566909,11.447299,20.056640,19.403897, 5.029825, 9.581407,10.034191, 9.586237,11.460270,20.077082,19.455773, 5.058285, 9.667951
11.665476,10.967546,12.951472,16.105305,21.940715, 7.637000,10.924787,11.088872,10.468321,12.518881,15.716565,21.471869, 7.467209,10.691279,10.853001,10.262168,12.314025,15.500380,21.178159, 7.356983,10.582367,10.754682,10.210373,12.256284,15.437586,21.212520, 7.377623,10.609452,10.792120,10.239079,12.297709,15.478256,21.222369, 7.363229,10.515078,10.705288,10.135896,12.206299,15.450553,21.026755, 7.286015,10.441554,10.639436,10.128330,12.189933,15.371336,21.051931, 7.314720,10.501982,10.702261,10.158239,12.211382,15.397160,21.133066, 7.367640,10.628894
18.338216,20.743839,29.736170,44.378624,26.234122,13.977604,16.982735,15.928157,18.633677,27.735172,42.316030,25.150373,13.397266,16.263253,15.248687,17.908528,26.826618,41.154375,24.434315,12.993116,15.913272,14.952693,17.716057,26.568564,40.812264,24.527645,13.076730,16.011556,15.074156,17.834867,26.781543,41.085222,24.589451,13.043529,15.726242,14.827243,17.469353,26.380793,40.941288,24.098255,12.757106,15.486521,14.627989,17.434677,26.290448,40.479222,24.146244,12.856010,15.671054,14.805083,17.530305,26.372928,40.595714,24.336094,13.039862,16.068250
12.295501,12.008684,15.649132,17.306913, 8.719938, 7.354991,14.418851,15.124716,14.076995,17.345347,18.583733, 9.314229, 7.858492,15.390492,16.137829,14.946798,18.243669,19.393805, 9.752402, 8.248231,15.905319,16.623532,15.197791,18.518128,19.648899, 9.692557, 8.160949,15.748516,16.418783,15.024281,18.272937,19.415676, 9.641241, 8.185461,16.158267,16.801772,15.482271,18.685031,19.522081, 9.959101, 8.476829,16.545592,17.152249,15.539522,18.783377,19.860524, 9.926328, 8.380021,16.265509,16.863204,15.423517,18.705435,19.789864, 9.812475, 8.197552,15.660215
11.303385,10.718118,12.667096,15.493475,10.100828, 7.260016,10.708181,10.566384,10.086850,12.124678,15.011594, 9.806938, 7.047654,10.406822,10.268234, 9.823290,11.861494,14.736099, 9.618243, 6.907454,10.264238,10.142862, 9.756945,11.786962,14.657566, 9.641702, 6.934594,10.301521,10.193152, 9.795943,11.844160,14.713739, 9.652892, 6.920268,10.182898,10.086731, 9.667833,11.731255,14.683589, 9.528587, 6.822454,10.086988,10.002270, 9.656116,11.706818,14.578349, 9.542188, 6.857306,10.164131,10.080312, 9.692233,11.731699,14.607867, 9.592628, 6.922780,10.327250
12.195332,13.593378,18.838708,30.986552,23.778988,12.562428,12.547370,14.410566,15.729453,20.889370,33.384508,25.468679,13.472969,13.471310,15.452192,16.769011,22.030734,34.913876,26.675598,14.142784,13.945701,15.935095,17.053948,22.375932,35.380543,26.508744,13.995789,13.804364,15.731292,16.854905,22.074729,34.967882,26.395407,14.049227,14.188499,16.114582,17.383580,22.587525,35.158153,27.246046,14.543573,14.541340,16.464517,17.448278,22.701819,35.765205,27.142451,14.373987,14.276368,16.166022,17.302989,22.595923,35.620728,26.824290,14.048255,13.708614
 8.772010, 9.219744,10.941504,16.198566,17.903138, 7.108772, 9.965909,10.593702,10.655968,12.024479,17.274805,18.946570, 7.549897,10.587251,11.247430,11.259483,12.595733,17.952370,19.705025, 7.885743,10.911973,11.557023,11.431195,12.769046,18.164736,19.601067, 7.810428,10.812603,11.425879,11.310196,12.612878,17.968518,19.514052, 7.832413,11.070739,11.669044,11.623878,12.873498,18.058602,20.061996, 8.082241,11.313935,11.891500,11.662446,12.933238,18.335320,20.001128, 7.998558,11.137097,11.706864,11.581693,12.883027,18.275735,19.804841, 7.840056,10.753816
 8.391424,10.532719,11.068248,18.132653,18.071194, 7.971603, 9.880655, 8.696644,10.787268,11.227512,18.293790,18.202835, 8.031257, 9.958009, 8.767103,10.865646,11.298345,18.387051,18.297906, 8.078087, 9.999376, 8.800293,10.888420,11.319003,18.415498,18.285321, 8.068387, 9.987954, 8.786638,10.876322,11.302704,18.394866,18.275985, 8.071675,10.023040, 8.816390,10.921324,11.336325,18.406369,18.344351, 8.106418,10.052223, 8.839199,10.925053,11.345343,18.449564,18.340751, 8.094435,10.029534, 8.818528,10.913979,11.338610,18.439122,18.313301, 8.073810, 9.983615
22.813946,22.003489,25.468142,32.176798,32.270064,23.949220,23.779310,23.477581,22.641284,26.028845,32.707035,32.762050,24.311087,24.137968,23.828504,22.953463,26.328863,33.028588,33.092567,24.559852,24.313148,23.982385,23.033960,26.416202,33.121774,33.046290,24.506983,24.262863,23.917761,22.980000,26.343070,33.044912,33.022534,24.529942,24.407158,24.043145,23.133359,26.473883,33.081974,33.246342,24.708157,24.531388,24.152076,23.150393,26.502295,33.205396,33.218756,24.645495,24.433891,24.055124,23.106356,26.473306,33.172575,33.129761,24.523883,24.225380
16.914636,17.587695,18.768531,24.632888,22.560457,12.754079,17.493242,16.953598,17.553278,18.710130,24.566898,22.502858,12.724439,17.460279,16.921416,17.522700,18.683889,24.537081,22.476766,12.712061,17.448776,16.912607,17.518088,18.677889,24.530584,22.478092,12.711922,17.447691,16.913745,17.514864,18.675483,24.522957,22.468365,12.705120,17.430450,16.898029,17.497569,18.662348,24.519560,22.455565,12.697594,17.425533,16.893262,17.499706,18.662354,24.511561,22.458781,12.702852,17.435401,16.904058,17.507469,18.668152,24.520481,22.470174,12.710821,17.449830
18.281533,17.046015,18.341590,26.106553,25.985810,13.109758,17.725114,16.984327,16.012875,17.554266,25.305308,25.266856,12.741653,17.228108,16.509089,15.598328,17.171519,24.841539,24.794208,12.490916,16.989569,16.303491,15.490235,17.061472,24.705115,24.855251,12.542940,17.057010,16.387471,15.561031,17.153491,24.818026,24.894916,12.521491,16.865541,16.222210,15.360237,16.988280,24.761773,24.574250,12.344621,16.700222,16.081913,15.338566,16.952620,24.585010,24.610914,12.405256,16.825751,16.203955,15.392545,16.986601,24.628977,24.732129,12.521701,17.101197
18.733732,16.728201,21.574304,30.608162,29.350557,12.771739,16.892723,18.715219,16.576016,21.360004,30.352825,29.111996,12.667820,16.767108,18.578016,16.462749,21.241771,30.206987,28.970982,12.607825,16.712275,18.525687,16.437981,21.209045,30.168838,28.987002,12.617417,16.723488,18.544720,16.449417,21.228061,30.185307,28.982877,12.606770,16.673270,18.496054,16.397219,21.178935,30.172108,28.898465,12.566592,16.638467,18.460797,16.393698,21.170547,30.122529,28.911004,12.582619,16.670767,18.497844,16.411488,21.184074,30.142308,28.951434,12.613268,16.735937
11.782006,10.636682,12.944650,15.732729,13.448133, 5.956883,12.014834,10.457039, 9.635536,12.103745,15.013771,12.899444, 5.701624,11.529973,10.030292, 9.271080,11.720807,14.616260,12.548174, 5.529880,11.299066, 9.848570, 9.176947,11.613236,14.500512,12.592722, 5.564060,11.360588, 9.920933, 9.231553,11.696131,14.583401,12.612711, 5.545564,11.164673, 9.762939, 9.046324,11.524783,14.532221,12.374700, 5.424450,11.008132, 9.641040, 9.031534,11.490291,14.379587,12.401191, 5.468166,11.133773, 9.754414, 9.082708,11.528646,14.424489,12.497955, 5.548709,11.399639
13.877806,16.538463,16.445798,23.613868,28.368810,11.542287,14.832570,14.189256,16.677944,16.469433,23.601637,28.335300,11.530909,14.830792,14.188744,16.676782,16.471801,23.600810,28.336641,11.536803,14.837324,14.196030,16.682699,16.474112,23.604962,28.333640,11.532381,14.830740,14.190398,16.673010,16.463996,23.586767,28.312981,11.525925,14.828796,14.189798,16.675817,16.466383,23.589349,28.327001,11.532847,14.837101,14.195591,16.679243,16.470079,23.596696,28.330272,11.533256,14.837242,14.196840,16.683312,16.473199,23.603011,28.335134,11.533975,14.832338
14.953446,15.107642,18.318223,24.360350,23.115627,14.633640,14.163321,13.636728,13.988457,17.367607,23.461699,22.352333,14.153095,13.691085,13.180385,13.557867,16.920133,22.953108,21.858928,13.830188,13.465940,12.986092,13.447128,16.793248,22.805504,21.920489,13.894133,13.526238,13.064080,13.513438,16.892952,22.915299,21.953787,13.862581,13.339934,12.900086,13.300984,16.698000,22.855006,21.622771,13.635859,13.187182,12.769475,13.281620,16.656529,22.659619,21.658667,13.715929,13.307757,12.888320,13.339825,16.698475,22.712964,21.789918,13.865502,13.565099
11.625843,12.123033,15.189962,20.842562,18.170852,10.555478,11.813047,11.049686,11.630801,14.766883,20.437412,17.856480,10.372299,11.606825,10.855194,11.443068,14.568275,20.207737,17.651907,10.247916,11.507579,10.771679,11.394147,14.511563,20.140067,17.676279,10.271964,11.533394,10.804421,11.422187,14.554637,20.187936,17.688908,10.258894,11.450085,10.732598,11.327444,14.466461,20.159735,17.550494,10.170912,11.382337,10.676480,11.319408,14.448186,20.070822,17.565490,10.202303,11.436012,10.728021,11.345320,14.467278,20.095898,17.620556,10.259903,11.549391
22.245301,22.640053,25.071315,33.174032,19.132501,15.832208,23.613646,22.821301,22.962883,25.234698,33.289734,19.183013,15.878179,23.702764,22.900182,23.035348,25.306114,33.362492,19.229664,15.927292,23.754116,22.949026,23.065039,25.330818,33.396196,19.221656,15.910174,23.728914,22.927453,23.030102,25.293866,33.338022,19.204382,15.908119,23.757912,22.949355,23.069487,25.332496,33.365027,19.251335,15.948203,23.806210,22.986532,23.079612,25.337317,33.390234,19.242621,15.938293,23.785635,22.969888,23.075533,25.334454,33.393801,19.236167,15.915864,23.718528
13.005269,14.608266,19.471406,27.896232,26.539211, 7.836609,14.354397,13.414641,14.855257,19.621282,28.001473,26.603216, 7.855157,14.394243,13.456769,14.896671,19.671944,28.057659,26.657631, 7.874665,14.420080,13.478380,14.910276,19.685646,28.074181,26.649135, 7.870761,14.413205,13.468146,14.906544,19.675719,28.066552,26.641777, 7.871107,14.437835,13.493065,14.938344,19.703221,28.071868,26.683799, 7.886553,14.454907,13.507067,14.938694,19.713156,28.108336,26.687820, 7.880772,14.439088,13.491455,14.931567,19.707432,28.099140,26.666846, 7.873371,14.414220
 6.763797, 6.272741, 6.911090, 9.345832, 7.893305, 6.244205, 7.170469, 5.925866, 5.617395, 6.408718, 8.877169, 7.537429, 5.964947, 6.851766, 5.655323, 5.379556, 6.181814, 8.620122, 7.311772, 5.779009, 6.700911, 5.541172, 5.318670, 6.118389, 8.545703, 7.339769, 5.815151, 6.740050, 5.586131, 5.352702, 6.165854, 8.596423, 7.350956, 5.794048, 6.610829, 5.485393, 5.231709, 6.064375, 8.563790, 7.199152, 5.663425, 6.509512, 5.409322, 5.222694, 6.044165, 8.465353, 7.215969, 5.711095, 6.591987, 5.481245, 5.256448, 6.067238, 8.495295, 7.278669, 5.798260, 6.765061
22.595406,18.803454,32.551790,44.440620,38.760032,12.779570,20.102332,20.767449,17.582301,31.142159,43.084634,37.703386,12.420058,19.535081,20.183238,17.122511,30.467252,42.296052,36.997406,12.170006,19.259630,19.927233,17.000231,30.271993,42.060667,37.087571,12.222507,19.339048,20.032587,17.081957,30.439936,42.264014,37.158165,12.204137,19.122461,19.830634,16.859215,30.149079,42.167752,36.673732,12.027046,18.930463,19.656555,16.833994,30.084090,41.862520,36.725980,12.086437,19.072655,19.804349,16.891546,30.140557,41.931951,36.902539,12.200133,19.387398
 7.924442, 9.568812,12.047870,20.675763,20.462019,11.259508,10.831004,10.324888,11.683187,13.711880,22.559118,22.091298,12.168223,11.739670,11.194661,12.575605,14.589472,23.743308,23.278101,12.864199,12.219736,11.607105,12.828924,14.854497,24.112105,23.115808,12.712216,12.078013,11.433203,12.662399,14.626868,23.798681,23.000535,12.766982,12.476613,11.776877,13.146597,15.038700,23.955875,23.859049,13.289737,12.835666,12.074213,13.197252,15.131722,24.450283,23.766378,13.107542,12.562571,11.814453,13.067896,15.046374,24.328913,23.439776,12.773731,11.994341
15.335711,16.494001,19.571461,27.524645,29.359260, 9.352833,15.896240,15.623026,16.695064,19.706023,27.641209,29.459916, 9.386214,15.955915,15.681751,16.751972,19.764790,27.707972,29.533823, 9.413569,15.988120,15.710515,16.769176,19.781918,27.729387,29.522113, 9.406919,15.977612,15.697891,16.757536,19.765791,27.709243,29.513068, 9.408591,16.004601,15.722494,16.791306,19.795314,27.720669,29.570063, 9.429457,16.028708,15.742906,16.794264,19.801887,27.750179,29.564732, 9.422215,16.010710,15.725183,16.785979,19.795799,27.743044,29.543118, 9.409319,15.972708
13.209588,13.249056,15.774863,22.207211,22.275848, 6.512047,13.840304,13.004519,13.006729,15.537475,21.955217,22.043213, 6.440482,13.703928,12.876383,12.888600,15.421015,21.816129,21.902806, 6.396534,13.642207,12.825226,12.860676,15.388748,21.777363,21.918679, 6.404017,13.655783,12.843944,12.873949,15.408747,21.796493,21.917109, 6.396673,13.599066,12.795575,12.814848,15.356793,21.779931,21.827214, 6.366294,13.558645,12.761437,12.811684,15.348419,21.730670,21.839933, 6.378358,13.594803,12.796831,12.830398,15.362093,21.749981,21.881102, 6.400379,13.667725
 4.442286, 5.260769, 6.974499,11.970741, 8.832757, 4.331264, 6.990627, 6.421950, 7.248331, 8.735068,14.040599,10.269996, 5.101428, 8.159525, 7.502571, 8.348871, 9.818766,15.469952,11.371386, 5.704258, 8.795975, 8.028425, 8.658971,10.156778,15.907315,11.207241, 5.567850, 8.600643, 7.795545, 8.438986, 9.854827,15.511493,11.094626, 5.609452, 9.122372, 8.217610, 9.022505,10.350203,15.671927,11.881389, 6.068089, 9.614077, 8.615080, 9.098507,10.475617,16.278581,11.793205, 5.910025, 9.238364, 8.272448, 8.933927,10.371959,16.138976,11.490840, 5.609947, 8.467789
18.354199,20.763883,30.729170,47.245963,36.547379,17.425563,21.786299,17.180068,19.589552,29.477930,45.854931,35.572065,16.961394,21.209635,16.720788,19.110167,28.877927,45.066145,34.946351,16.653100,20.936396,16.526327,18.988113,28.707753,44.838138,35.024217,16.713580,21.008452,16.603554,19.060368,28.838594,45.002499,35.059760,16.680565,20.779428,16.437968,18.823865,28.576273,44.908142,34.642013,16.464237,20.593847,16.306614,18.802845,28.522623,44.609565,34.690226,16.541677,20.742116,16.427478,18.869223,28.580855,44.695303,34.858615,16.686844,21.057543
17.587767,16.768287,17.675927,23.024330,23.547536,16.890642,18.936590,15.841439,15.337593,16.597730,22.021260,22.631499,16.244164,18.210252,15.225804,14.787349,16.094645,21.458844,22.044897,15.814153,17.865536,14.966271,14.647529,15.953189,21.298088,22.118274,15.897681,17.955596,15.070122,14.727399,16.060909,21.410895,22.152626,15.853486,17.666240,14.846106,14.454521,15.842002,21.346761,21.763325,15.552899,17.435457,14.672441,14.431299,15.794557,21.128921,21.803684,15.660420,17.621766,14.834164,14.507138,15.842934,21.190807,21.962971,15.859768,18.014075
 9.800973,10.576072,16.481198,25.192255,19.010147, 9.833934,11.597441,10.940721,11.504839,17.394376,26.136830,19.643750,10.170251,12.003860,11.323940,11.873368,17.855159,26.710668,20.090941,10.420213,12.211878,11.501702,11.976619,17.992498,26.889035,20.030580,10.365100,12.149554,11.427575,11.906061,17.871806,26.730638,19.984659,10.384033,12.317631,11.570430,12.098027,18.083108,26.809850,20.305885,10.568317,12.470730,11.696228,12.119381,18.128794,27.039910,20.269207,10.505457,12.357540,11.589520,12.069391,18.086512,26.986009,20.151593,10.387360,12.112473
