29.399385,37.151606,45.378767,62.955109,47.324420,29.013805,29.412173,26.185109,33.928713,42.772247,60.387165,45.627674,27.996550,28.312055,25.189518,32.808586,41.526493,58.945372,44.461857,27.253742,27.679245,24.718600,32.426822,41.053610,58.486142,44.655060,27.479654,28.011971,25.024424,32.882629,41.746523,59.396092,44.898037,27.439841,27.679431,24.768300,32.381891,41.235626,58.893632,44.322704,27.089006,27.380006,24.484749,32.288364,41.106022,58.508757,44.275827,27.122377,27.537817,24.710923,32.453792,41.311601,58.695713,44.677465,27.456240,28.248934
15.741956,17.301562,19.761875,27.415533,24.144029,13.286988,14.896278,14.974839,16.632955,19.242298,26.891984,23.733875,13.060597,14.631075,14.706979,16.375751,18.979749,26.593209,23.449130,12.893323,14.474422,14.576363,16.285657,18.875188,26.495508,23.497427,12.945003,14.556339,14.661446,16.393473,19.026233,26.687206,23.555415,12.935333,14.472096,14.589512,16.272824,18.914254,26.582028,23.412650,12.854069,14.396724,14.507507,16.248399,18.882713,26.492910,23.396712,12.860260,14.435463,14.572150,16.288969,18.928482,26.534856,23.501468,12.938824,14.614802
14.459484,21.347119,32.228745,43.405684,30.085401,14.850811,16.006225,15.285176,22.361881,33.369959,44.628903,30.873997,15.261195,16.468443,15.728124,22.916185,34.085786,45.408128,31.484494,15.569747,16.738296,15.935820,23.099213,34.344145,45.671184,31.374374,15.469249,16.586652,15.794115,22.855975,33.928274,45.122428,31.255705,15.482007,16.710753,15.872282,23.048609,34.175442,45.383325,31.525686,15.614337,16.841901,15.996965,23.086791,34.232274,45.519244,31.507589,15.598787,16.775957,15.912166,23.037908,34.131577,45.466961,31.342489,15.460802,16.458965
16.472648,18.113546,25.441633,37.285366,28.318155,16.580020,17.009724,15.891864,17.609516,24.953660,36.752558,27.952780,16.366328,16.783681,15.682087,17.411372,24.705077,36.454142,27.705089,16.207345,16.645395,15.573940,17.337983,24.595360,36.352606,27.750169,16.258763,16.717513,15.646227,17.427145,24.751505,36.553408,27.802696,16.249422,16.637982,15.580941,17.318779,24.631203,36.443138,27.668465,16.164918,16.568627,15.506638,17.293394,24.589376,36.323582,27.640657,16.168027,16.602649,15.565566,17.332855,24.640420,36.378874,27.752047,16.250819,16.767205
15.225271,15.470049,24.093515,39.891112,27.940807,15.812698,14.833039,15.111456,15.387041,24.013969,39.802949,27.888103,15.785899,14.808159,15.087036,15.366892,23.984530,39.762676,27.860090,15.764701,14.789587,15.070243,15.356445,23.964157,39.747963,27.864967,15.771200,14.797466,15.080734,15.366252,23.986466,39.770676,27.872066,15.768934,14.782166,15.063191,15.342471,23.960684,39.752615,27.848335,15.752367,14.772271,15.048846,15.336168,23.948127,39.710380,27.832323,15.751152,14.777016,15.062566,15.347256,23.959659,39.731173,27.860923,15.766015,14.799485
12.264590,15.294541,16.960158,26.977145,28.820703, 7.036944,14.011833,13.112980,16.125729,17.583836,27.691154,29.495028, 7.214931,14.364507,13.447939,16.480458,17.923371,28.122556,29.991170, 7.350361,14.575459,13.610887,16.603782,18.053500,28.265513,29.907898, 7.308562,14.463026,13.504585,16.454136,17.860603,27.983151,29.806937, 7.315576,14.570112,13.584775,16.604462,17.994789,28.131367,30.045258, 7.378218,14.671742,13.683534,16.632783,18.027015,28.234225,30.053297, 7.371820,14.618828,13.608389,16.586453,17.973254,28.187543,29.894534, 7.310917,14.378743
22.530040,21.340252,22.476598,31.171279,30.713174,14.916778,20.400395,19.605515,19.122879,20.885670,29.575535,29.324565,14.243000,19.447002,18.684034,18.339597,20.125288,28.696971,28.393618,13.755212,18.892992,18.238987,18.067177,19.822204,28.414362,28.553036,13.906645,19.181892,18.529565,18.393680,20.260396,28.974713,28.744585,13.877475,18.879476,18.275482,18.016497,19.928499,28.659621,28.269849,13.637777,18.613556,17.994950,17.939663,19.832909,28.385833,28.207976,13.654940,18.748942,18.218391,18.068971,19.968197,28.517781,28.562453,13.884894,19.381904
 9.752276,14.281181,15.450016,25.010883,24.679051, 7.151785,10.810978, 9.574851,14.075527,15.277621,24.787217,24.474759, 7.087120,10.716465, 9.492481,13.975716,15.180438,24.660016,24.335183, 7.039545,10.658426, 9.449571,13.938812,15.136318,24.615987,24.362710, 7.055728,10.689268, 9.478945,13.985827,15.200345,24.705343,24.389994, 7.052582,10.655707, 9.454123,13.931071,15.152759,24.657119,24.315169, 7.027141,10.625866, 9.423203,13.916943,15.134613,24.604052,24.299199, 7.027675,10.639789, 9.446707,13.936758,15.155367,24.628111,24.363583, 7.053632,10.711295
 9.461284, 9.408766,10.509698,13.511552, 8.938017, 6.314433, 8.659917, 8.917348, 8.983859,10.209665,13.251714, 8.785278, 6.207632, 8.507615, 8.757752, 8.842846,10.069437,13.104708, 8.679385, 6.127752, 8.418364, 8.681040, 8.793894,10.015913,13.058069, 8.696146, 6.151326, 8.464602, 8.729940, 8.850209,10.092384,13.148083, 8.718759, 6.146974, 8.417034, 8.686154, 8.785076,10.033890,13.097017, 8.665665, 6.108865, 8.375069, 8.640770, 8.773643,10.019831,13.057242, 8.660808, 6.112760, 8.397882, 8.678332, 8.795678,10.043140,13.077150, 8.697615, 6.147966, 8.496101
17.538577,18.390253,21.596616,32.889563,28.903450,19.451610,18.562264,16.842227,17.819536,21.160785,32.428612,28.550615,19.221598,18.328045,16.625716,17.620308,20.952181,32.168590,28.307987,19.049414,18.188177,16.518984,17.549362,20.868391,32.084411,28.346889,19.100633,18.259635,16.586960,17.630512,20.985456,32.244386,28.397755,19.090427,18.182577,16.523767,17.532372,20.893940,32.153122,28.273249,19.005334,18.116172,16.457848,17.513564,20.868806,32.071438,28.255947,19.011969,18.151390,16.512270,17.547788,20.905848,32.111137,28.348273,19.091575,18.307784
18.555286,18.303050,23.328749,37.640161,29.765580,17.643045,17.318297,17.113697,17.161407,22.357878,36.521103,28.980414,17.180296,16.834883,16.631039,16.738229,21.875524,35.882143,28.432730,16.841198,16.555913,16.402426,16.594310,21.692848,35.676941,28.525348,16.945813,16.704060,16.552007,16.768903,21.963853,36.087252,28.637759,16.927706,16.559322,16.432520,16.584433,21.769056,35.864693,28.370658,16.768977,16.426257,16.294061,16.549387,21.719975,35.701209,28.353714,16.784360,16.495727,16.402130,16.608934,21.798615,35.779374,28.537763,16.937498,16.812118
 9.740889,10.057074,12.809089,18.014055,16.308582, 9.179199,11.491620, 9.928353,10.212710,12.953949,18.172809,16.440868, 9.256665,11.588516,10.011628,10.285522,13.035450,18.265125,16.533731, 9.315003,11.648863,10.055084,10.312896,13.072121,18.298053,16.516618, 9.295815,11.617082,10.025659,10.278725,13.019174,18.232559,16.496679, 9.298777,11.650765,10.049744,10.317054,13.057787,18.265645,16.546203, 9.329516,11.681478,10.080281,10.326602,13.071596,18.302271,16.555305, 9.328577,11.666905,10.057264,10.313218,13.055176,18.286819,16.514647, 9.297674,11.593217
15.795966,14.048783,19.314552,28.461569,25.286824,12.464385,13.747556,14.837591,13.357156,18.659294,27.745287,24.714481,12.176720,13.418344,14.484752,13.079911,18.320990,27.337120,24.318308,11.965956,13.224692,14.312648,12.983076,18.185102,27.202556,24.388767,12.033185,13.327582,14.427029,13.102659,18.385574,27.473399,24.469336,12.021256,13.223710,14.334611,12.972953,18.240286,27.327497,24.270062,11.918173,13.128975,14.223951,12.945182,18.197438,27.203730,24.248163,11.925404,13.176457,14.309071,12.988529,18.257492,27.261157,24.396148,12.026893,13.402477
13.566353,14.455995,18.364647,24.755120,21.449947,11.516569,15.495207,13.146791,14.091897,18.043582,24.430990,21.195154,11.375307,15.300074,12.980149,13.937829,17.870805,24.241480,21.013792,11.271345,15.186213,12.899778,13.885122,17.803314,24.178888,21.047592,11.305607,15.248816,12.954727,13.953094,17.907230,24.309404,21.084638,11.300404,15.189696,12.914613,13.885242,17.836069,24.241665,20.995498,11.250550,15.133151,12.863020,13.870471,17.815315,24.189261,20.989114,11.254606,15.161533,12.901668,13.892522,17.845291,24.213487,21.053528,11.304801,15.296329
13.176484,16.209769,23.111897,34.820925,23.344376,11.805659,14.827193,12.447107,15.510375,22.469516,34.148388,22.947711,11.605868,14.562646,12.218530,15.264342,22.159898,33.765538,22.671682,11.457459,14.407996,12.109042,15.179375,22.041722,33.643478,22.715914,11.501578,14.488218,12.178885,15.278066,22.211126,33.879377,22.772905,11.493123,14.406370,12.118220,15.166731,22.083698,33.746843,22.636552,11.423039,14.333653,12.053029,15.146738,22.052693,33.645508,22.625268,11.429978,14.372634,12.105892,15.183674,22.103527,33.695271,22.719621,11.495727,14.544153
14.403117,19.196354,34.349326,44.215024,26.797445, 9.750580,17.013262,13.645928,18.401360,33.398728,43.321099,26.310567, 9.567061,16.688784,13.380719,18.095562,32.916994,42.809120,25.970808, 9.431677,16.498329,13.252384,17.989312,32.727561,42.641752,26.028906, 9.473744,16.598834,13.336584,18.117890,33.004755,42.973523,26.098718, 9.466365,16.497707,13.267491,17.977793,32.802706,42.794121,25.929723, 9.401163,16.405956,13.187363,17.949542,32.746736,42.646858,25.913235, 9.406441,16.453267,13.250070,17.996109,32.829471,42.715857,26.035526, 9.469772,16.671825
11.205807,12.168524,17.316091,25.479483,26.818631, 9.046793,14.873175,14.311513,14.817539,19.766319,28.044913,29.196444, 9.891323,16.302329,15.711649,16.081336,21.218647,29.707572,31.074525,10.566948,17.187897,16.409151,16.525861,21.768563,30.268250,30.759385,10.357863,16.707671,15.952231,15.983738,20.942869,29.164704,30.377838,10.390279,17.143152,16.275578,16.496689,21.493579,29.731945,31.258935,10.695659,17.572730,16.688841,16.587072,21.613702,30.077005,31.251103,10.658712,17.343513,16.376445,16.435514,21.392870,29.920963,30.694535,10.361091,16.344074
15.496341,15.929850,25.660542,36.998027,26.019952,11.791276,16.687078,15.222913,15.707755,25.408452,36.719824,25.840956,11.708396,16.570547,15.118363,15.616341,25.277552,36.565434,25.721291,11.646527,16.497593,15.062458,15.581347,25.215952,36.511906,25.744201,11.667135,16.535519,15.100284,15.624181,25.302504,36.617884,25.769292,11.663126,16.491613,15.064573,15.569162,25.234091,36.558703,25.701634,11.628533,16.454113,15.024024,15.555298,25.207600,36.486224,25.683593,11.629026,16.471980,15.056341,15.576238,25.237359,36.519872,25.743945,11.663283,16.560808
14.302025,15.162954,29.012230,43.143865,27.397987,12.665331,16.733451,16.461849,16.961565,31.182973,45.394696,28.657950,13.254036,17.560561,17.296267,17.717281,32.367721,46.797431,29.618793,13.711464,18.054891,17.696172,17.975892,32.796850,47.254794,29.467718,13.576345,17.791833,17.440648,17.669952,32.161176,46.368982,29.271940,13.598387,18.032728,17.630514,17.967211,32.596258,46.835624,29.715427,13.799037,18.263756,17.855582,18.013531,32.678442,47.102603,29.706692,13.771782,18.136664,17.680529,17.926328,32.508620,46.977731,29.437870,13.581189,17.594053
14.793065,14.786281,17.985774,22.686128,21.463976,12.654412,15.390548,14.065950,14.204510,17.515531,22.262068,21.110417,12.445619,15.123132,13.816893,13.984225,17.278435,22.016431,20.860138,12.291387,14.968281,13.699130,13.909531,17.189752,21.937671,20.901536,12.338267,15.050239,13.775509,13.999258,17.320684,22.093345,20.952256,12.330002,14.970720,13.714728,13.905243,17.227038,22.008839,20.832082,12.258932,14.897563,13.644677,13.888086,17.204456,21.949164,20.826014,12.266307,14.936298,13.699591,13.918033,17.242066,21.977758,20.907185,12.334654,15.110251
 4.362101, 5.429789, 7.879322,12.793479,11.341193, 7.026894, 7.430074, 7.024055, 7.894407,10.062878,15.199541,13.229924, 8.233898, 8.789464, 8.335289, 9.155370,11.436085,16.835538,14.792413, 9.256704, 9.683928, 9.030920, 9.622789,11.988840,17.408381,14.520889, 8.931013, 9.193381, 8.567191, 9.050158,11.162569,16.280395,14.188787, 8.976881, 9.645617, 8.904814, 9.609868,11.719517,16.857315,14.954150, 9.464399,10.097236, 9.336384, 9.715778,11.856249,17.252327,14.973077, 9.411222, 9.857448, 9.005735, 9.540280,11.627407,17.071723,14.463989, 8.937748, 8.834806
14.579219,13.224556,20.846939,25.260742,22.360298,12.381185,14.429293,13.982630,12.789229,20.382751,24.844846,22.031067,12.197297,14.206988,13.766236,12.616295,20.144052,24.606555,21.801860,12.061279,14.074984,13.660014,12.555424,20.047761,24.528024,21.841062,12.103530,14.143998,13.729471,12.628592,20.186590,24.681896,21.887433,12.095661,14.072579,13.670696,12.546315,20.083816,24.597859,21.772261,12.029047,14.008879,13.603155,12.529196,20.053463,24.523703,21.757852,12.033639,14.041392,13.656302,12.557122,20.095863,24.558264,21.844250,12.098531,14.193481
 6.418964, 8.398035,10.385150,15.673220,13.339682, 4.573912, 7.331289, 6.485489, 8.467616,10.451758,15.752287,13.401558, 4.597865, 7.368976, 6.520119, 8.506492,10.492729,15.802194,13.448782, 4.615605, 7.390813, 6.535837, 8.519152,10.506828,15.818531,13.442181, 4.610734, 7.379719, 6.526379, 8.504447,10.486553,15.788606,13.434130, 4.611773, 7.389579, 6.532510, 8.517117,10.499398,15.803885,13.453381, 4.618646, 7.398984, 6.540824, 8.518835,10.501426,15.810830,13.451639, 4.617732, 7.394047, 6.534927, 8.516003,10.496800,15.808460,13.441093, 4.610943, 7.370517
21.665312,22.281045,28.918234,41.228956,36.030365,17.817703,23.509448,20.953933,21.702246,28.395720,40.670958,35.591778,17.600441,23.218069,20.696020,21.474031,28.129442,40.359281,35.295488,17.438522,23.038584,20.561865,21.388600,28.009862,40.252467,35.349211,17.490752,23.131549,20.651397,21.491700,28.178308,40.461841,35.412319,17.481194,23.027095,20.568758,21.363567,28.047056,40.346859,35.250054,17.394001,22.937043,20.475645,21.333129,27.999997,40.215438,35.213180,17.396610,22.981113,20.549951,21.380442,28.055977,40.275834,35.350775,17.482050,23.195314
17.253662,17.637249,22.129863,31.640527,24.771698,16.128499,17.531511,15.550991,16.243098,20.962424,30.447590,23.943491,15.594575,16.916559,14.995268,15.736011,20.389968,29.770830,23.369103,15.204925,16.562994,14.733322,15.564007,20.173887,29.554469,23.463979,15.323197,16.748970,14.903187,15.770030,20.490970,29.981818,23.581426,15.302234,16.565057,14.764226,15.548338,20.260560,29.748446,23.302329,15.120458,16.398455,14.607050,15.506946,20.202326,29.572839,23.282316,15.137875,16.486104,14.731146,15.579002,20.295095,29.656740,23.475709,15.312325,16.884085
16.582865,16.624124,18.059746,23.755060,28.417038,13.260551,17.469038,15.479237,15.741972,17.419219,23.155506,27.792500,12.967892,17.064952,15.113529,15.416362,17.102163,22.812064,27.355418,12.752196,16.830325,14.939893,15.305054,16.981988,22.701948,27.425985,12.816668,16.952618,15.051262,15.436195,17.155835,22.915767,27.514716,12.804754,16.830176,14.958282,15.292996,17.028256,22.798279,27.302738,12.704229,16.720255,14.854769,15.266796,16.996481,22.709031,27.286958,12.713943,16.778669,14.937256,15.313446,17.047655,22.751632,27.433626,12.809822,17.040875
 5.077687, 5.183878, 6.112879, 8.993452, 9.367970, 6.309445, 5.470024, 4.891159, 5.033812, 5.995094, 8.871953, 9.256570, 6.233551, 5.399610, 4.826899, 4.976784, 5.936114, 8.803172, 9.180018, 6.177085, 5.357308, 4.794818, 4.956320, 5.911699, 8.780503, 9.193102, 6.194594, 5.379202, 4.815683, 4.980508, 5.946297, 8.824506, 9.208792, 6.191126, 5.355673, 4.796998, 4.951856, 5.919782, 8.799870, 9.169170, 6.162702, 5.335111, 4.776301, 4.945835, 5.911781, 8.776802, 9.163121, 6.164485, 5.345607, 4.792884, 4.955859, 5.922727, 8.787751, 9.193600, 6.191835, 5.394292
 5.041284, 5.897540,10.815224,14.656200,12.050202, 6.367531, 7.965470, 7.697656, 8.256882,13.455595,17.169050,13.894980, 7.392442, 9.299907, 9.009525, 9.469792,15.113154,18.867107,15.411206, 8.251159,10.168676, 9.697086, 9.914677,15.772890,19.458133,15.150147, 7.979745, 9.694240, 9.241449, 9.370798,14.788406,18.298637,14.834378, 8.019840,10.130724, 9.570096, 9.897424,15.449105,18.891752,15.567468, 8.423623,10.565024, 9.992779, 9.995908,15.608194,19.288474,15.579893, 8.379058,10.334657, 9.670855, 9.833619,15.338139,19.108863,15.097080, 7.985516, 9.343634
15.777570,18.061752,26.971448,41.929258,31.595692,20.221609,18.558636,15.810539,18.128482,27.112251,42.165800,31.779198,20.354879,18.683265,15.914837,18.231398,27.244482,42.331474,31.931820,20.450491,18.752023,15.960098,18.261955,27.287780,42.390316,31.900231,20.415686,18.709411,15.925890,18.212306,27.205118,42.253958,31.873045,20.417731,18.734823,15.931380,18.233551,27.239055,42.306679,31.930918,20.453529,18.769236,15.959312,18.239477,27.247366,42.318745,31.915495,20.448938,18.753867,15.945653,18.238632,27.232638,42.320427,31.885209,20.404985,18.665798
 9.032692,10.432792,17.985843,28.620136,20.966175, 9.432047,10.722524, 9.405881,10.779030,18.379949,29.073519,21.264744, 9.572446,10.892086, 9.559303,10.932196,18.600254,29.354595,21.491278, 9.677888,10.989569, 9.629688,10.982358,18.676145,29.445705,21.454534, 9.646061,10.936558, 9.583956,10.920284,18.558532,29.263321,21.409755, 9.650714,10.981423, 9.612922,10.973336,18.632995,29.355191,21.509314, 9.694559,11.026709, 9.651839,10.981510,18.645487,29.397041,21.501088, 9.688072,11.002362, 9.623523,10.967823,18.616707,29.379006,21.444944, 9.644944,10.893872
15.308270,20.186371,18.462126,29.993158,21.898048, 9.152723,14.717705,14.266955,19.112275,17.807485,29.250496,21.419629, 8.948717,14.380042,13.933705,18.727260,17.488854,28.827164,21.086300, 8.798064,14.183819,13.775260,18.595321,17.368155,28.692144,21.139769, 8.842892,14.285806,13.876466,18.749554,17.542039,28.953731,21.207888, 8.834402,14.182911,13.790391,18.578744,17.412903,28.808240,21.045124, 8.763983,14.090996,13.696342,18.548019,17.381505,28.698631,21.032910, 8.770981,14.140082,13.771910,18.603963,17.433026,28.751792,21.144892, 8.837521,14.358193
16.053676,16.903064,22.675688,29.981072,27.265074,12.710531,16.263298,14.970990,15.988799,21.847328,29.181477,26.617232,12.403279,15.855396,14.592278,15.638435,21.428335,28.725214,26.166513,12.177779,15.617271,14.409738,15.517139,21.263771,28.575817,26.244625,12.248469,15.743704,14.530457,15.665510,21.506666,28.874800,26.338057,12.236680,15.617626,14.432984,15.505741,21.331119,28.714872,26.113682,12.127901,15.502485,14.318450,15.473000,21.281803,28.582925,26.091922,12.136585,15.561634,14.407554,15.526078,21.354057,28.644332,26.254878,12.242851,15.836601
14.156481,14.032102,23.933910,35.995453,24.737386,11.044712,15.076814,13.904585,13.827990,23.690786,35.717655,24.562490,10.963414,14.963646,13.800146,13.738009,23.557654,35.554652,24.437909,10.903452,14.897025,13.749390,13.706938,23.504918,35.500499,24.460677,10.922939,14.933108,13.783620,13.746329,23.584482,35.611077,24.485442,10.919683,14.898184,13.757985,13.706170,23.529270,35.553193,24.424335,10.890873,14.865334,13.725308,13.697399,23.512933,35.506848,24.419254,10.893032,14.881769,13.749844,13.710466,23.536093,35.528008,24.463953,10.922023,14.960377
28.262633,29.637377,37.434684,61.306677,46.961044,27.151582,29.160690,27.225565,28.784250,36.731618,60.501252,46.422650,26.849819,28.816005,26.898348,28.482517,36.392451,60.044475,46.050327,26.624509,28.611682,26.738685,28.376331,36.258846,59.897627,46.110269,26.691658,28.716726,26.840344,28.498529,36.447318,60.178590,46.187126,26.678127,28.605794,26.748422,28.354886,36.302153,60.018674,45.999082,26.568825,28.508986,26.651078,28.327990,36.264260,59.885282,45.977584,26.578289,28.560460,26.730701,28.377032,36.322657,59.950606,46.113040,26.680752,28.788311
10.829289,14.236693,19.922425,28.908681,19.917181, 6.669746,12.848955,11.407671,14.840318,20.473741,29.474645,20.265059, 6.795480,13.095746,11.634409,15.096701,20.776622,29.827492,20.531462, 6.890295,13.236352,11.736989,15.179470,20.877143,29.940132,20.488849, 6.861955,13.159315,11.670525,15.077290,20.719287,29.713531,20.435687, 6.865929,13.222392,11.711576,15.162005,20.817804,29.828011,20.550872, 6.904223,13.287100,11.766086,15.173443,20.830960,29.871023,20.537169, 6.897650,13.251444,11.726194,15.152472,20.793441,29.851669,20.476605, 6.860435,13.097346
 8.157008, 8.207301,12.398522,14.228478,18.567817, 5.616081, 8.759661, 7.758604, 7.885166,12.070036,13.948049,18.246072, 5.509533, 8.594764, 7.610180, 7.754193,11.898839,13.786354,18.020556, 5.431059, 8.497680, 7.538201, 7.708713,11.831116,13.733239,18.059134, 5.455456, 8.548761, 7.585353, 7.763898,11.929874,13.837995,18.104266, 5.451013, 8.497211, 7.546924, 7.703964,11.858317,13.781469,17.993106, 5.413345, 8.450578, 7.501698, 7.691664,11.837800,13.734248,17.981685, 5.416175, 8.474380, 7.536839, 7.711514,11.867216,13.756067,18.063127, 5.453090, 8.586153
16.530849,15.788623,18.228492,23.121101, 7.078769, 3.105990,15.301937,16.396585,15.708437,18.192267,23.109771, 7.078542, 3.107837,15.309809,16.404725,15.716843,18.198386,23.115464, 7.082956, 3.108428,15.307972,16.400375,15.713757,18.190719,23.116507, 7.081542, 3.107775,15.304652,16.400959,15.710017,18.190459,23.105483, 7.081857, 3.107484,15.294369,16.381279,15.688852,18.176209,23.104703, 7.079274, 3.105254,15.292955,16.373851,15.683367,18.167066,23.077533, 7.072661, 3.104577,15.294095,16.385865,15.696044,18.173518,23.091734, 7.079255, 3.105736,15.294794
24.547113,27.048191,34.161554,45.854404,34.316084,18.837037,25.209318,22.241989,25.005980,32.416362,44.152503,33.181761,18.215207,24.336379,21.460311,24.240329,31.544949,43.180990,32.390465,17.762876,23.836987,21.093996,23.982566,31.218856,42.869547,32.523567,17.901887,24.102357,21.333569,24.296409,31.704535,43.492415,32.684425,17.878217,23.846004,21.145928,23.970685,31.359534,43.157477,32.303849,17.669186,23.609498,20.925827,23.909215,31.273413,42.916453,32.283056,17.689795,23.733110,21.096506,24.012848,31.412596,43.030395,32.543071,17.892623,24.299285
16.203332,16.642614,21.009815,28.455990,26.058310,13.940081,16.140315,15.117583,15.766173,20.300279,27.796985,25.538274,13.667804,15.802468,14.791343,15.466602,19.964750,27.421533,25.175316,13.465703,15.606680,14.637837,15.364545,19.840852,27.304028,25.228968,13.522542,15.705982,14.732611,15.478382,20.013869,27.522909,25.302107,13.510557,15.603631,14.647127,15.347466,19.881397,27.397276,25.127869,13.418342,15.514933,14.560336,15.326541,19.852646,27.306110,25.116038,13.428771,15.564294,14.632690,15.369354,19.904377,27.351599,25.232050,13.513392,15.774667
14.673902,14.548869,18.039455,24.523712,23.418439,13.831835,15.397233,13.970430,13.991375,17.575465,24.068834,23.033948,13.604764,15.131723,13.726278,13.778234,17.341055,23.807834,22.765103,13.436929,14.975930,13.608364,13.704389,17.249558,23.722979,22.810664,13.488765,15.058007,13.685364,13.793287,17.383208,23.890652,22.865563,13.479424,14.975490,13.621854,13.696259,17.285551,23.799186,22.732449,13.399113,14.900740,13.548902,13.677114,17.259159,23.726011,22.720252,13.405929,14.939492,13.606231,13.709243,17.298954,23.760684,22.815547,13.483566,15.117143
13.711328,16.197124,23.498227,33.523514,24.876890,11.502654,14.176545,13.145566,15.669182,22.969609,32.960336,24.498576,11.323875,13.951687,12.937504,15.458275,22.697622,32.642261,24.239572,11.191377,13.815563,12.832024,15.381427,22.580620,32.534632,24.285790,11.233692,13.886600,12.902195,15.474665,22.747734,32.746519,24.339992,11.226146,13.809841,12.840364,15.364328,22.621075,32.631784,24.203221,11.157420,13.742477,12.769369,15.339054,22.578238,32.511646,24.177690,11.160429,13.775924,12.825457,15.378523,22.631828,32.566652,24.288755,11.227980,13.936920
14.268606,15.068057,23.231298,34.348249,27.943235,13.481232,14.538584,13.369055,14.316545,22.444760,33.491617,27.318350,13.177465,14.199992,13.057582,14.030413,22.051953,33.014131,26.896134,12.953310,13.996020,12.900306,13.926389,21.884122,32.854447,26.970914,13.024519,14.102010,13.004214,14.051577,22.123212,33.168992,27.059386,13.011139,13.986707,12.911086,13.901695,21.939584,32.994868,26.835221,12.895127,13.886039,12.806167,13.868172,21.879777,32.818895,26.794771,12.900706,13.936038,12.889421,13.921537,21.956409,32.900944,26.974054,13.013427,14.175191
19.396036,19.454081,21.733997,30.219470,25.717997,12.877013,18.422784,18.533313,18.750173,21.183115,29.649264,25.281289,12.653368,18.092281,18.198589,18.454273,20.889373,29.314419,24.968867,12.489420,17.901417,18.040940,18.354761,20.779257,29.205699,25.021854,12.540110,18.003276,18.144291,18.477211,20.943834,29.422328,25.083032,12.531362,17.906513,18.066956,18.354586,20.830186,29.308057,24.936070,12.456583,17.816062,17.971731,18.330942,20.801046,29.227022,24.929637,12.463774,17.862978,18.044126,18.369045,20.847323,29.264139,25.030073,12.537754,18.081010
15.056979,16.284554,23.330233,28.607358,24.409253,13.161219,15.281532,14.184833,15.541989,22.632142,27.997183,23.950893,12.915414,14.981772,13.902370,15.273588,22.291297,27.651716,23.634523,12.733080,14.804622,13.764712,15.179325,22.156213,27.539718,23.686496,12.788236,14.896322,13.853372,15.289771,22.348849,27.756584,23.752129,12.777769,14.800501,13.775213,15.162205,22.202771,27.635468,23.592407,12.689030,14.716128,13.690139,15.137415,22.162820,27.531971,23.573463,12.696143,14.760280,13.758760,15.180862,22.222021,27.581564,23.690130,12.780390,14.960137
11.514590,12.088250,15.442967,22.272046,23.132941,11.893165,12.657704,12.725398,13.095174,16.279625,23.119756,23.903384,12.294966,13.116053,13.195294,13.519423,16.735503,23.642588,24.484466,12.603331,13.387471,13.419087,13.663582,16.900795,23.812932,24.390545,12.510543,13.241969,13.274604,13.490025,16.652889,23.477839,24.272714,12.525477,13.374123,13.379199,13.655909,16.820759,23.653255,24.541244,12.661118,13.501991,13.506980,13.682998,16.853782,23.753529,24.535778,12.643319,13.432881,13.409260,13.634655,16.787902,23.707029,24.371665,12.512999,13.131590
13.528465,11.692669,21.722094,23.250259,21.119818,10.910390,14.555650,12.811423,11.208565,21.173649,22.852750,20.811346,10.755332,14.338167,12.614380,11.056357,20.927442,22.633603,20.603911,10.638365,14.207060,12.516045,11.001078,20.826855,22.563449,20.635413,10.671943,14.272284,12.577263,11.061443,20.962376,22.692648,20.680329,10.664633,14.197730,12.514439,10.981807,20.849771,22.615528,20.570200,10.605333,14.136107,12.454179,10.967102,20.819251,22.541448,20.551133,10.609857,14.169529,12.506110,10.995892,20.864347,22.578402,20.634265,10.663440,14.313122
29.399385,37.151606,45.378767,62.955109,47.324420,29.013805,29.412173,26.185109,33.928713,42.772247,60.387165,45.627674,27.996550,28.312055,25.189518,32.808586,41.526493,58.945372,44.461857,27.253742,27.679245,24.718600,32.426822,41.053610,58.486142,44.655060,27.479654,28.011971,25.024424,32.882629,41.746523,59.396092,44.898037,27.439841,27.679431,24.768300,32.381891,41.235626,58.893632,44.322704,27.089006,27.380006,24.484749,32.288364,41.106022,58.508757,44.275827,27.122377,27.537817,24.710923,32.453792,41.311601,58.695713,44.677465,27.456240,28.248934
 7.859781, 8.054813,12.464907,22.543438,20.831176, 8.629919,10.611437,11.814976,11.195674,15.534620,26.417238,23.999750,10.005439,12.381459,13.792153,12.828397,17.473195,29.038089,26.604584,11.161305,13.540932,14.835858,13.431136,18.253697,29.954117,26.155230,10.795352,12.909370,14.144560,12.695551,17.094818,28.162429,25.614287,10.850700,13.496643,14.649173,13.416486,17.877419,29.081882,26.881192,11.398796,14.078237,15.296965,13.553721,18.071644,29.717109,26.915537,11.341005,13.771364,14.802983,13.329267,17.750889,29.430006,26.068979,10.806464,12.445225
 2.647694, 3.363595, 6.181066,10.678016, 9.269311, 4.381942, 5.562917, 4.549287, 5.124844, 8.073444,12.892560,10.986736, 5.269288, 6.718587, 5.537951, 6.070214, 9.298800,14.419174,12.425215, 6.027717, 7.487503, 6.067509, 6.423027, 9.797136,14.958448,12.174399, 5.785522, 7.066153, 5.714774, 5.990535, 9.054976,13.901859,11.873164, 5.820774, 7.455334, 5.969451, 6.411200, 9.552440,14.439885,12.575833, 6.182747, 7.844805, 6.300491, 6.492098, 9.677362,14.812796,12.594228, 6.144570, 7.639261, 6.048522, 6.360802, 9.472285,14.644815,12.123693, 5.790877, 6.756974
18.555286,18.303050,23.328749,37.640161,29.765580,17.643045,17.318297,17.113697,17.161407,22.357878,36.521103,28.980414,17.180297,16.834883,16.631039,16.738229,21.875524,35.882143,28.432730,16.841198,16.555913,16.402426,16.594310,21.692848,35.676941,28.525348,16.945813,16.704060,16.552007,16.768903,21.963853,36.087252,28.637759,16.927706,16.559322,16.432520,16.584433,21.769056,35.864693,28.370658,16.768977,16.426257,16.294061,16.549387,21.719975,35.701209,28.353714,16.784360,16.495727,16.402130,16.608934,21.798615,35.779374,28.537763,16.937498,16.812118
11.608412,12.400793,17.957789,23.410639,21.468499,11.777173,11.670117,10.569480,11.532747,17.160005,22.694564,20.899937,11.469985,11.343724,10.266184,11.245034,16.789662,22.295160,20.512135,11.242101,11.151890,10.119439,11.144133,16.644751,22.167573,20.572956,11.308934,11.249805,10.212403,11.259012,16.848017,22.410359,20.655168,11.295942,11.145582,10.126303,11.121405,16.689428,22.271796,20.458305,11.185335,11.055705,10.037924,11.096218,16.648361,22.153365,20.434199,11.195003,11.103948,10.111275,11.143590,16.711782,22.211353,20.576131,11.297474,11.316016
17.566350,17.795248,35.451837,52.247247,39.500593,14.641195,17.177422,17.923560,18.114569,35.916935,52.791297,39.883698,14.795028,17.368029,18.123142,18.292121,36.215440,53.146245,40.188986,14.908241,17.473113,18.210054,18.346165,36.309158,53.262485,40.132267,14.870429,17.410655,18.148840,18.269152,36.141564,53.004479,40.072999,14.873712,17.452510,18.171240,18.314755,36.226311,53.120470,40.196325,14.916683,17.503167,18.219060,18.322149,36.237131,53.142609,40.166982,14.908765,17.477290,18.190044,18.315008,36.203579,53.137219,40.108647,14.862384,17.354241
 8.325265,10.713904,10.530089,15.321608,13.717097, 7.465067, 9.004736, 8.024996,10.404033,10.311835,15.085200,13.524904, 7.355248, 8.868081, 7.901260,10.267474,10.192241,14.945048,13.386245, 7.274922, 8.789532, 7.843285,10.221991,10.147882,14.899507,13.410560, 7.300329, 8.832145, 7.881793,10.279347,10.215678,14.992129,13.437339, 7.296043, 8.792945, 7.854765,10.224719,10.170267,14.943947,13.372838, 7.259817, 8.755291, 7.819576,10.213990,10.158863,14.912369,13.371666, 7.263483, 8.774593, 7.845626,10.230422,10.177424,14.926747,13.414794, 7.299844, 8.865263
18.146188,18.596690,20.081865,27.298404,22.700893,13.812910,14.731772,16.373218,17.149171,19.055057,26.324044,21.991567,13.386466,14.244676,15.824875,16.645162,18.562857,25.770330,21.497247,13.073672,13.965752,15.568860,16.475345,18.381439,25.595502,21.575405,13.165806,14.111228,15.732256,16.674103,18.644953,25.935186,21.676998,13.149230,13.967497,15.595651,16.458331,18.451559,25.747626,21.439632,13.005954,13.838404,15.447250,16.421167,18.406866,25.613164,21.425884,13.021551,13.908377,15.566882,16.490862,18.483721,25.678702,21.585135,13.156621,14.215999
 8.470100, 8.775170,10.745687,15.436885,14.160483, 8.523866, 8.507479, 8.161649, 8.523438,10.543851,15.234300,13.997134, 8.425189, 8.402701, 8.059324, 8.430465,10.443954,15.118222,13.883013, 8.351676, 8.340777, 8.009693, 8.397995,10.404904,15.080718,13.901381, 8.373589, 8.372717, 8.041373, 8.435671,10.460295,15.152490,13.924606, 8.369302, 8.339520, 8.013543, 8.392494,10.418461,15.112363,13.867970, 8.334092, 8.310324, 7.983384, 8.384371,10.407424,15.079175,13.861956, 8.337131, 8.325826, 8.007803, 8.398918,10.424328,15.095119,13.902640, 8.370523, 8.395116
 8.465537, 8.552363, 9.256219,14.256320,15.518309, 5.298524, 8.640446, 7.874641, 8.087520, 8.937406,13.931653,15.218040, 5.190938, 8.463063, 7.707704, 7.937510, 8.791971,13.750867,15.013695, 5.110614, 8.358410, 7.626744, 7.884703, 8.735354,13.693856,15.044943, 5.133733, 8.411249, 7.677169, 7.943335, 8.813471,13.800612,15.087790, 5.128720, 8.353925, 7.628692, 7.871123, 8.750985,13.737812,14.983687, 5.089835, 8.305169, 7.580669, 7.858510, 8.735837,13.685776,14.971426, 5.093542, 8.331770, 7.621208, 7.883444, 8.760527,13.712028,15.045110, 5.128895, 8.445742
17.038486,17.523664,18.783461,24.494743,23.487907,10.466479,15.595525,16.337344,16.960888,18.379869,24.119530,23.172631,10.325522,15.381067,16.111660,16.758041,18.184342,23.909623,22.958538,10.220060,15.250812,15.997775,16.683926,18.101900,23.840317,22.992968,10.251515,15.316285,16.070135,16.767977,18.214525,23.969866,23.037575,10.244918,15.242305,16.000031,16.661432,18.124347,23.895573,22.924884,10.191010,15.180080,15.927057,16.639599,18.096811,23.820033,22.903870,10.194017,15.212311,15.987351,16.677781,18.133694,23.855819,22.992558,10.244806,15.359786
12.933641,14.292198,21.227233,26.274671,32.424187,13.083520,15.198680,11.919323,13.396381,20.349661,25.494228,31.581682,12.737714,14.774546,11.577063,13.062261,19.911375,25.045835,30.989594,12.484546,14.531319,11.416569,12.949702,19.748368,24.902193,31.088685,12.562086,14.660781,11.521377,13.086306,19.991404,25.189126,31.209784,12.549064,14.536537,11.439612,12.945407,19.819132,25.035030,30.925601,12.432571,14.421337,11.343959,12.919380,19.777653,24.927267,30.912732,12.444721,14.482103,11.418324,12.963960,19.846958,24.978522,31.103990,12.557310,14.756854
 9.801422, 9.659192,12.228071,16.345674,19.911895, 8.972199, 8.825743, 8.975919, 9.008961,11.683664,15.828038,19.362789, 8.718566, 8.560763, 8.704504, 8.771217,11.416071,15.534956,18.983415, 8.532366, 8.406463, 8.574327, 8.689208,11.312269,15.440465,19.047053, 8.589472, 8.487445, 8.659024, 8.787357,11.463521,15.627019,19.125175, 8.579109, 8.405570, 8.587990, 8.678869,11.351914,15.524396,18.936781, 8.490100, 8.331977, 8.508050, 8.657804,11.322144,15.442181,18.919022, 8.497793, 8.370270, 8.571372, 8.693891,11.367383,15.481483,19.053525, 8.583189, 8.545245
11.694952,11.873544,14.129711,20.968244,22.843862,14.018063,15.121598,13.716910,13.512082,15.429728,22.351479,24.175656,14.845935,16.069506,14.592448,14.265961,16.179128,23.224302,25.200290,15.492305,16.644571,15.021370,14.527515,16.461457,23.516519,25.025104,15.289837,16.331388,14.737852,14.203676,16.032664,22.931971,24.816027,15.320276,16.614281,14.935621,14.507873,16.317626,23.230900,25.298053,15.613105,16.893793,15.192264,14.563579,16.382038,23.415714,25.295756,15.579090,16.746894,15.000395,14.473635,16.267346,23.332692,24.987936,15.291521,16.091737
11.709578,12.310963,15.808787,21.918793,24.908960,10.510599,13.338629,12.065787,12.617365,16.073094,22.184089,25.175627,10.628596,13.497343,12.213339,12.753315,16.221756,22.349758,25.379858,10.716759,13.587118,12.279654,12.796822,16.270950,22.402990,25.346115,10.689776,13.537293,12.236033,12.741639,16.192031,22.293815,25.305610,10.693330,13.576950,12.260977,12.785064,16.239686,22.347745,25.393213,10.728736,13.618712,12.296754,12.791286,16.246241,22.366850,25.381442,10.722754,13.596210,12.271512,12.781093,16.227998,22.358781,25.335738,10.687623,13.496228
16.060945,17.417250,25.499122,34.194667,27.015094,13.579698,16.791779,15.388086,16.845203,24.945158,33.662010,26.642920,13.393554,16.552427,15.166185,16.635222,24.673114,33.361549,26.387749,13.254978,16.409094,15.056041,16.560145,24.561869,33.263310,26.430252,13.297253,16.482824,15.126997,16.647748,24.718627,33.452513,26.482897,13.288765,16.403454,15.062545,16.543202,24.597512,33.345570,26.351318,13.219616,16.334467,14.992711,16.522027,24.562417,33.247823,26.332153,13.224358,16.370078,15.049183,16.558426,24.611860,33.294607,26.431645,13.290117,16.533082
10.570211,10.762324,12.350229,22.262952,18.834500, 8.439862,10.988892,10.736880,10.902962,12.454707,22.391841,18.930962, 8.485776,11.053561,10.802342,10.962410,12.512662,22.474204,19.007318, 8.519746,11.088203,10.829620,10.980083,12.528916,22.499610,18.994917, 8.509464,11.068144,10.811598,10.956943,12.500346,22.445343,18.979672, 8.510452,11.081157,10.818807,10.970597,12.515247,22.471088,19.009412, 8.522113,11.096830,10.831402,10.971346,12.514636,22.470269,18.999329, 8.518879,11.087915,10.823310,10.969741,12.509419,22.470840,18.989419, 8.507340,11.050581
 8.285134, 9.538940,11.313361,17.081523, 7.607633, 3.844126, 9.403608, 9.296818,10.486188,12.125504,18.016098, 8.012967, 4.073810, 9.920695, 9.809184,10.982831,12.625082,18.609933, 8.325664, 4.250733,10.233594,10.059867,11.154241,12.816542,18.813003, 8.270163, 4.193804,10.061742, 9.891282,10.934705,12.521667,18.401563, 8.208349, 4.202003,10.214425,10.000088,11.131168,12.710080,18.604350, 8.353465, 4.282206,10.367876,10.155264,11.171303,12.758681,18.736914, 8.353578, 4.274352,10.290397,10.044136,11.114822,12.681362,18.681972, 8.257526, 4.192671, 9.924381
 9.359677,12.406063,17.045305,30.097983,27.140053,14.192225,13.417723,13.164539,16.264016,20.467203,34.353840,30.536666,15.997826,15.251169,14.990841,18.201474,22.575713,37.188311,33.290228,17.485113,16.423436,15.930390,18.901234,23.400135,38.164519,32.819984,17.018286,15.784600,15.309874,18.045575,22.166501,36.246633,32.251885,17.088029,16.368705,15.753123,18.865585,22.991122,37.227242,33.567810,17.777427,16.948372,16.323471,19.016282,23.183951,37.863627,33.578223,17.699082,16.640327,15.890672,18.767428,22.848758,37.576556,32.723007,17.026161,15.307126
20.996430,21.216391,27.751161,44.180825,36.220061,19.196191,19.045808,20.152241,20.538320,27.161587,43.509308,35.732749,18.939691,18.776512,19.866338,20.285125,26.867080,43.125649,35.393325,18.748957,18.617033,19.726420,20.196093,26.749653,42.999825,35.451161,18.808097,18.700909,19.818222,20.303016,26.920250,43.248206,35.522415,18.797893,18.615092,19.740464,20.183155,26.793771,43.112614,35.350650,18.704449,18.537961,19.652546,20.158913,26.758017,42.996679,35.330876,18.711687,18.577919,19.722351,20.199640,26.809935,43.051577,35.457298,18.801715,18.760565
30.445733,27.573175,29.227297,37.579661,32.782971,20.455409,28.328009,27.425208,25.364087,27.665967,36.148380,31.682864,19.776027,27.334342,26.449461,24.570267,26.902071,35.332578,30.914360,19.280513,26.768231,25.994678,24.304286,26.620103,35.072888,31.042626,19.432014,27.070066,26.292258,24.627360,27.042052,35.593798,31.201876,19.407402,26.781213,26.058505,24.292509,26.742173,35.313222,30.832423,19.179548,26.513891,25.789086,24.231390,26.670198,35.117068,30.815078,19.203765,26.655601,26.000114,24.338092,26.790838,35.211389,31.063514,19.423005,27.292949
35.397924,37.449055,41.891123,57.495001,46.147017,33.367867,44.129552,42.932917,43.731829,46.477434,61.958629,49.302903,35.621055,47.311783,46.084757,46.540029,49.090075,64.795092,51.752330,37.402859,49.257128,47.636902,47.520771,50.070441,65.742543,51.345066,36.855094,48.204156,46.620378,46.328746,48.597218,63.872287,50.837032,36.936488,49.162582,47.353976,47.472915,49.590512,64.837440,51.992263,37.743089,50.100993,48.266972,47.671676,49.805005,65.433002,51.988324,37.644151,49.596644,47.568896,47.328828,49.407558,65.160008,51.257946,36.864216,47.409837
13.106442,13.853947,14.832402,21.003365,26.136830, 7.660092,13.022767,12.782201,13.587808,14.649029,20.825714,25.947634, 7.602862,12.924136,12.684130,13.497526,14.562746,20.726351,25.818714, 7.559833,12.864761,12.635081,13.464905,14.527291,20.694194,25.839820, 7.572760,12.895066,12.666437,13.502019,14.576435,20.755290,25.867128, 7.570102,12.861492,12.636229,13.455426,14.537106,20.719845,25.799172, 7.548225,12.832928,12.605325,13.446237,14.525880,20.686305,25.788014, 7.549804,12.848122,12.631180,13.462989,14.542000,20.702890,25.839945, 7.570209,12.914908
15.095981,14.706831,19.085854,24.974871,24.853135,13.500040,14.615252,14.376202,14.145550,18.596164,24.510003,24.443675,13.276497,14.361156,14.124514,13.929727,18.348020,24.243494,24.157677,13.111160,14.211489,14.002326,13.854498,18.250037,24.156283,24.206179,13.162260,14.290152,14.082246,13.945014,18.392557,24.328083,24.264953,13.153210,14.210365,14.015743,13.845195,18.288023,24.234859,24.122453,13.073352,14.138455,13.939453,13.825111,18.258735,24.156743,24.107481,13.079665,14.175623,13.999528,13.858532,18.301577,24.193345,24.211386,13.157051,14.346983
10.003742,11.119251,13.452749,18.128610,13.878927,10.525292,11.861402,11.097635,12.098488,14.260369,18.925963,14.432979,10.951966,12.369410,11.581566,12.557789,14.729092,19.428097,14.858744,11.278501,12.669474,11.811043,12.712070,14.898027,19.593997,14.786339,11.176654,12.504897,11.659435,12.518395,14.636315,19.259005,14.701894,11.191707,12.647032,11.757105,12.688239,14.803428,19.427679,14.894473,11.333170,12.790509,11.890272,12.717784,14.837349,19.516739,14.885011,11.314763,12.714990,11.793396,12.671251,14.770891,19.477835,14.768912,11.174114,12.374486
 3.758857, 5.869411, 8.108364,11.957047, 9.902130, 5.945927, 5.867619, 6.011612, 8.397261,10.306360,14.212627,11.577259, 6.998310, 6.978720, 7.159301, 9.731178,11.711076,15.751822,12.966605, 7.888251, 7.709921, 7.767565,10.224571,12.276965,16.291959,12.724724, 7.604586, 7.309408, 7.362712, 9.618777,11.431873,15.230671,12.435005, 7.646127, 7.678162, 7.653581,10.205111,11.997532,15.771873,13.110394, 8.068092, 8.046746, 8.031734,10.317164,12.137703,16.140531,13.125119, 8.022986, 7.852352, 7.744599,10.135461,11.905236,15.974258,12.675679, 7.610378, 7.014257
 7.351578, 8.017689,11.219358,20.060010,22.773534, 7.050622,11.748249, 9.905027,10.205020,13.218755,22.591420,25.311463, 7.901278,13.184802,11.148786,11.318188,14.454853,24.267391,27.356387, 8.592271,14.090448,11.779059,11.714257,14.931108,24.841635,27.004893, 8.374634,13.595325,11.362034,11.225069,14.211979,23.705804,26.590858, 8.407416,14.040939,11.649512,11.680559,14.684535,24.282376,27.553261, 8.722709,14.486509,12.029942,11.764399,14.793231,24.639531,27.546861, 8.686287,14.251362,11.745865,11.630001,14.601563,24.480813,26.930144, 8.375508,13.218656
 9.099796, 9.434795,11.525860,18.090074,16.121579, 7.812597, 9.459629, 9.323661, 9.620642,11.683795,18.271518,16.266478, 7.885774, 9.551631, 9.416080, 9.704094,11.771467,18.381761,16.373687, 7.940847, 9.606229, 9.460093, 9.732847,11.804467,18.418591,16.357753, 7.925147, 9.578322, 9.432589, 9.699581,11.757675,18.350221,16.336654, 7.927866, 9.605423, 9.453800, 9.733218,11.790253,18.385256,16.385752, 7.952281, 9.630233, 9.479267, 9.739074,11.797848,18.410962,16.387494, 7.949875, 9.616992, 9.459708, 9.729114,11.785105,18.400418,16.355131, 7.926192, 9.556350
14.156994,12.091851,14.004321,22.717188,23.597157, 8.652485,12.765530,14.413803,12.269058,14.132763,22.854329,23.717987, 8.698185,12.839109,14.500954,12.337029,14.199436,22.940943,23.812788, 8.732615,12.879334,14.537551,12.357757,14.218214,22.967210,23.800789, 8.723836,12.858081,14.515790,12.334202,14.189228,22.917604,23.782224, 8.725103,12.873877,14.528521,12.351700,14.206550,22.943150,23.818649, 8.736579,12.890316,14.543569,12.351898,14.205440,22.944255,23.808349, 8.733305,12.880144,14.532174,12.349004,14.199893,22.943714,23.796249, 8.723114,12.840613
12.924831,12.531333,13.981760,20.010220,17.949648, 9.207929,12.808732,12.388198,12.121972,13.670735,19.688118,17.692540, 9.074457,12.621210,12.206867,11.969074,13.517040,19.508809,17.519111, 8.974588,12.505670,12.113127,11.911870,13.448867,19.448002,17.548373, 9.005343,12.564053,12.174038,11.978102,13.542161,19.562849,17.585377, 8.999383,12.496710,12.114670,11.892357,13.467391,19.498606,17.491123, 8.946138,12.440318,12.051502,11.873091,13.441397,19.423582,17.468928, 8.947936,12.468733,12.103381,11.904931,13.472894,19.458197,17.548348, 8.999083,12.603347
14.338840,15.045625,16.101883,21.378079,19.973468,12.176462,15.791584,14.448979,15.138952,16.175101,21.454008,20.038740,12.217504,15.844878,14.497000,15.181569,16.215943,21.497915,20.084352,12.248297,15.877848,14.521933,15.197640,16.234243,21.513809,20.075682,12.237903,15.860152,14.504744,15.177019,16.207028,21.481143,20.065293,12.239224,15.878107,14.517740,15.198665,16.226261,21.496898,20.089898,12.255412,15.895248,14.535385,15.204182,16.232770,21.513356,20.093447,12.254788,15.887287,14.522588,15.196941,16.224721,21.506731,20.074113,12.238471,15.846381
15.227947,15.931229,18.606730,27.342741,24.615515,15.690076,17.271928,16.248474,16.802950,19.308331,28.101724,25.229268,16.088755,17.738407,16.694886,17.207772,19.712553,28.577139,25.698934,16.390233,18.009478,16.902632,17.341383,19.854686,28.732958,25.619437,16.296484,17.860176,16.765226,17.172405,19.631831,28.416186,25.526600,16.309789,17.986019,16.850357,17.315717,19.771419,28.574281,25.735351,16.437597,18.114518,16.968866,17.339839,19.798000,28.651048,25.720625,16.419951,18.046705,16.883638,17.302070,19.742851,28.618027,25.598591,16.292354,17.739863
 9.947524,10.674181,16.583710,25.317128,19.089156, 9.874410,11.649013,10.995017,11.567777,17.482979,26.291292,19.744849,10.223014,12.084037,11.414265,11.953042,17.980160,26.893835,20.240591,10.490358,12.341910,11.614551,12.084101,18.161865,27.091726,20.158236,10.408360,12.202339,11.483533,11.923541,17.886136,26.697374,20.057129,10.420797,12.327756,11.575689,12.074257,18.070200,26.900674,20.287092,10.539318,12.450654,11.692016,12.100133,18.108433,27.019273,20.282881,10.524364,12.385040,11.604271,12.056233,18.035374,26.965246,20.140360,10.409089,12.095153
14.561617,14.869119,19.878898,28.650843,26.503514,15.824656,15.971255,15.701348,15.793368,20.673290,29.450901,27.152552,16.211903,16.392064,16.122747,16.165105,21.094830,29.936866,27.635250,16.507462,16.639964,16.323520,16.291689,21.248776,30.095020,27.554868,16.416699,16.505787,16.192107,16.137278,21.015088,29.777878,27.454000,16.430393,16.627472,16.287117,16.285350,21.173962,29.943182,27.681693,16.562795,16.746123,16.403732,16.310568,21.206139,30.040284,27.678641,16.545714,16.682535,16.314771,16.266585,21.143335,29.994748,27.537830,16.418537,16.404425
 6.368613, 6.167974, 9.183398,11.785812,12.880711, 5.751544, 7.071877, 6.840057, 6.538571, 9.542331,12.117624,13.200698, 5.905421, 7.268536, 7.033737, 6.701893, 9.742832,12.322478,13.442095, 6.022266, 7.384043, 7.125348, 6.756893, 9.815532,12.389863,13.401642, 5.986188, 7.321221, 7.065077, 6.688601, 9.704029,12.254481,13.352764, 5.991457, 7.376704, 7.105834, 6.750826, 9.776997,12.323262,13.463483, 6.042736, 7.431684, 7.159097, 6.761680, 9.792273,12.362429,13.460372, 6.036313, 7.402630, 7.119630, 6.744004, 9.763287,12.345088,13.392180, 5.985866, 7.271994
 9.879893,10.448863,14.437247,20.449432,16.147577, 7.899500,10.328865, 9.947524,10.519436,14.526261,20.562725,16.235096, 7.947901,10.392803,10.008876,10.576033,14.592647,20.638319,16.305368, 7.982829,10.427958,10.035391,10.593023,14.613702,20.663649,16.291960, 7.970913,10.407039,10.016634,10.567946,14.575664,20.607268,16.279608, 7.972191,10.420635,10.021762,10.580877,14.593456,20.631665,16.306802, 7.985055,10.437640,10.036861,10.583360,14.595980,20.635359,16.299356, 7.982913,10.429509,10.028685,10.582216,14.588948,20.635566,16.286659, 7.968253,10.387153
17.264142,19.020892,30.024873,49.614975,36.335572,19.428396,21.220274,18.605455,20.190463,31.205729,50.971248,37.205345,19.891118,21.767880,19.102083,20.665228,31.836123,51.807456,37.863538,20.244306,22.086696,19.332882,20.823233,32.054971,52.075545,37.761962,20.141358,21.916546,19.185993,20.635678,31.726452,51.553431,37.628638,20.157514,22.067342,19.290951,20.810740,31.946484,51.826455,37.924009,20.306801,22.213547,19.416174,20.835724,31.982616,51.963465,37.908338,20.284185,22.132156,19.319447,20.786753,31.898015,51.899373,37.738795,20.142556,21.785831
16.616699,16.520360,17.238463,23.804703,22.534830,15.239498,15.973006,15.450075,15.624536,16.650493,23.265386,22.101641,14.962025,15.660509,15.139879,15.349946,16.391042,22.969870,21.811866,14.753139,15.472725,14.985883,15.250459,16.285734,22.875993,21.854292,14.811641,15.564935,15.080413,15.356882,16.425406,23.045672,21.916724,14.798309,15.457864,14.980619,15.213268,16.307410,22.942987,21.763487,14.692966,15.370900,14.887680,15.187531,16.276009,22.843320,21.736169,14.701190,15.418755,14.969004,15.239633,16.322994,22.893255,21.851630,14.795369,15.621913
10.665895,10.080124,11.904838,20.665388,19.949597, 5.191694, 9.853467,10.283724, 9.781582,11.655797,20.345013,19.670020, 5.109481, 9.701821,10.125600, 9.649751,11.519016,20.154982,19.468111, 5.049259, 9.614383,10.051181, 9.605646,11.467781,20.092842,19.503503, 5.068297, 9.661765,10.100780, 9.661290,11.545830,20.218856,19.542909, 5.065227, 9.617844,10.065517, 9.607597,11.493374,20.153681,19.448505, 5.037789, 9.575936,10.020001, 9.596838,11.479486,20.108221,19.445162, 5.040386, 9.597457,10.053954, 9.613329,11.501143,20.128754,19.509920, 5.067999, 9.698688
11.733566,10.942886,12.884468,16.021912,21.839193, 7.608866,10.895362,11.055777,10.433249,12.484674,15.665731,21.417691, 7.454161,10.668325,10.823601,10.241013,12.283681,15.460995,21.121738, 7.340082,10.536240,10.712688,10.175044,12.206577,15.394597,21.171696, 7.375220,10.606219,10.785323,10.254819,12.320223,15.526430,21.232825, 7.369303,10.537258,10.726818,10.169751,12.238325,15.455565,21.087794, 7.315373,10.474135,10.659077,10.153279,12.216904,15.400718,21.076712, 7.320320,10.507204,10.712174,10.181094,12.250264,15.426564,21.178607, 7.372528,10.657610
18.240152,20.686786,29.639166,44.226997,26.155721,13.949143,16.954973,15.891043,18.580124,27.675635,42.174360,25.082483,13.382102,16.228411,15.199680,17.879346,26.762626,41.039599,24.356589,12.968461,15.809055,14.869828,17.638097,26.409984,40.679250,24.477761,13.094763,16.028554,15.084054,17.924328,26.922583,41.393369,24.631080,13.071702,15.803515,14.897432,17.597883,26.535317,40.991801,24.264351,12.872070,15.603883,14.696217,17.535811,26.433855,40.667919,24.226274,12.889856,15.708646,14.858679,17.646490,26.590015,40.827569,24.488413,13.078313,16.180261
12.521876,12.120229,15.757192,17.420552, 8.774719, 7.406854,14.527814,15.247588,14.206551,17.503479,18.788320, 9.409784, 7.940293,15.590572,16.383793,15.140108,18.496848,19.659479, 9.903974, 8.361031,16.236643,16.937366,15.463668,18.862826,19.948493, 9.824763, 8.234956,15.890615,16.580733,15.077103,18.318664,19.387434, 9.724068, 8.254766,16.205260,16.839052,15.446422,18.685700,19.678077, 9.952789, 8.440909,16.510997,17.155930,15.506443,18.758447,19.848055, 9.948511, 8.416545,16.344258,16.912582,15.398579,18.613815,19.770722, 9.808228, 8.237744,15.627791
11.380514,10.694239,12.606572,15.419560,10.055857, 7.238025,10.687255,10.540008,10.057948,12.101827,14.972903, 9.789709, 7.044832,10.397644,10.252317, 9.817746,11.848871,14.718491, 9.604845, 6.902909,10.228546,10.113849, 9.734676,11.749983,14.635623, 9.636301, 6.946884,10.317759,10.204693, 9.835245,11.894953,14.800153, 9.674491, 6.939295,10.228213,10.130046, 9.725632,11.789271,14.711106, 9.582691, 6.871153,10.147075,10.044024, 9.703708,11.760104,14.638280, 9.573773, 6.876727,10.188956,10.111491, 9.740123,11.803283,14.672462, 9.640051, 6.942777,10.382511
12.216893,13.810640,19.163290,31.498602,24.149583,12.743089,12.722771,14.631995,15.993631,21.211121,33.961370,25.853721,13.669782,13.707038,15.764287,17.067699,22.441750,35.547113,27.190420,14.398258,14.307191,16.319997,17.439244,22.903286,36.082781,26.958621,14.167618,13.977279,15.949992,16.972254,22.193662,35.004503,26.689598,14.201017,14.267590,16.194161,17.392408,22.651414,35.546522,27.309057,14.527107,14.560420,16.526769,17.470090,22.754458,35.864233,27.294925,14.488601,14.407538,16.283179,17.350042,22.569605,35.725312,26.904890,14.163981,13.720160
 8.987762, 9.356911,11.049759,16.331181,18.028899, 7.162373,10.046545,10.688633,10.761593,12.137899,17.463067,19.124657, 7.624651,10.718304,11.411572,11.399103,12.761495,18.181267,19.973759, 7.986388,11.123982,11.762374,11.618485,12.991189,18.419832,19.832683, 7.875287,10.903879,11.532866,11.350034,12.643198,17.947030,19.659925, 7.892003,11.100479,11.692546,11.599635,12.873562,18.189477,20.052953, 8.052386,11.294736,11.896405,11.642174,12.921071,18.328917,20.043649, 8.031885,11.190655,11.742884,11.570001,12.829497,18.265867,19.801366, 7.875701,10.735004
 8.474556,10.584181,11.093783,18.156442,18.089563, 7.980965, 9.895722, 8.711546,10.807367,11.249554,18.332339,18.240944, 8.048183, 9.982617, 8.791207,10.892528,11.327638,18.434929,18.348213, 8.099589,10.035951, 8.830715,10.923408,11.358970,18.468771,18.334336, 8.086137,10.010595, 8.807439,10.891291,11.318748,18.411216,18.312871, 8.089361,10.039543, 8.830914,10.932263,11.351391,18.444251,18.365460, 8.113690,10.063149, 8.853911,10.939151,11.359672,18.475533,18.373022, 8.111820,10.050197, 8.834379,10.925344,11.347091,18.461442,18.335036, 8.089768, 9.993288
22.802661,22.118278,25.606270,32.333460,32.411209,24.036423,23.860859,23.569114,22.737358,26.126879,32.843580,32.877501,24.388949,24.228153,23.932080,23.042484,26.434370,33.158469,33.227541,24.652796,24.443533,24.104659,23.145373,26.549254,33.264615,33.164516,24.567088,24.324123,23.987467,23.011199,26.368450,33.044512,33.094213,24.578548,24.427634,24.060036,23.127487,26.482378,33.151832,33.255901,24.696694,24.533145,24.166201,23.151291,26.510575,33.217955,33.253023,24.684404,24.480259,24.091451,23.118750,26.464091,33.190831,33.148567,24.563621,24.226878
17.015101,17.598091,18.749090,24.607322,22.539740,12.750927,17.498218,16.957529,17.557174,18.719660,24.579070,22.516920,12.739268,17.484228,16.945613,17.548179,18.709621,24.568074,22.506963,12.730011,17.472259,16.935066,17.541920,18.699573,24.563518,22.509615,12.733461,17.477297,16.942193,17.548116,18.710451,24.570810,22.512301,12.732152,17.465600,16.929189,17.530181,18.697052,24.564103,22.500575,12.723135,17.458317,16.918174,17.524624,18.689219,24.544504,22.490147,12.721951,17.461329,16.928550,17.533565,18.695574,24.554218,22.506931,12.730388,17.477567
18.339017,17.025293,18.296014,26.043155,25.933246,13.093865,17.712629,16.965644,15.991037,17.542920,25.270901,25.252507,12.745139,17.220176,16.488429,15.596109,17.161367,24.825543,24.772466,12.489996,16.937548,16.264249,15.463219,17.018782,24.682248,24.854108,12.569032,17.088914,16.411955,15.626507,17.232900,24.970640,24.952191,12.556206,16.944582,16.298351,15.459412,17.082613,24.817103,24.721924,12.438366,16.810104,16.163338,15.427659,17.044660,24.707075,24.710157,12.450125,16.880490,16.267739,15.480825,17.105751,24.758962,24.867550,12.565054,17.202130
18.954041,16.742386,21.526200,30.530721,29.277714,12.751509,16.879425,18.696741,16.557168,21.346873,30.328600,29.099770,12.671461,16.773549,18.582144,16.469780,21.246993,30.212733,28.977015,12.612302,16.708709,18.523177,16.437762,21.202788,30.173018,28.999780,12.631640,16.742578,18.562608,16.477286,21.265779,30.251214,29.023516,12.627742,16.705558,18.528520,16.430805,21.218569,30.208671,28.959236,12.596859,16.673106,18.487481,16.419463,21.201348,30.162869,28.946224,12.597743,16.688671,18.519183,16.436094,21.221659,30.183611,29.000309,12.628878,16.766767
11.756307,10.561651,12.846148,15.629716,13.373418, 5.932975,11.979384,10.417748, 9.593229,12.063220,14.948147,12.855253, 5.691347,11.500553, 9.993420, 9.249784,11.686265,14.567994,12.502675, 5.515229,11.222719, 9.789842, 9.131128,11.538929,14.445859,12.562284, 5.569499,11.368270, 9.922524, 9.273243,11.753335,14.687994,12.635289, 5.559484,11.219295, 9.809289, 9.113386,11.593278,14.553395,12.458082, 5.474405,11.086454, 9.683268, 9.081905,11.549677,14.442960,12.439227, 5.481382,11.155046, 9.783399, 9.135692,11.614544,14.496159,12.567465, 5.562802,11.470633
14.076575,16.571622,16.412884,23.552993,28.295126,11.522414,14.820200,14.175908,16.660869,16.459171,23.586765,28.324049,11.533004,14.838726,14.197042,16.684787,16.478603,23.609332,28.349809,11.541344,14.847171,14.203627,16.690801,16.480610,23.614954,28.349262,11.540699,14.843059,14.201108,16.685847,16.477226,23.606050,28.343768,11.540631,14.843790,14.201312,16.686086,16.478068,23.610794,28.349578,11.540624,14.845509,14.200069,16.682889,16.473381,23.601642,28.339980,11.538525,14.843116,14.200718,16.685077,16.474410,23.605575,28.347155,11.539983,14.839297
14.990454,15.060283,18.229857,24.246611,23.019246,14.590804,14.132553,13.599558,13.944151,17.327359,23.387497,22.300324,14.139045,13.667331,13.146343,13.538759,16.885938,22.902347,21.804807,13.808489,13.397545,12.930073,13.399469,16.715772,22.746386,21.887262,13.909308,13.538826,13.070322,13.565689,16.963455,23.053580,21.988958,13.890881,13.396160,12.952765,13.382377,16.780706,22.884376,21.744050,13.733789,13.268098,12.820832,13.347192,16.732740,22.750678,21.722022,13.747645,13.334897,12.925348,13.407805,16.806514,22.814597,21.895617,13.898148,13.639860
11.657832,12.123499,15.162533,20.798533,18.134790,10.540312,11.802086,11.037738,11.615728,14.752774,20.408910,17.837802,10.368615,11.598224,10.842977,11.437047,14.554987,20.187077,17.631028,10.240740,11.478437,10.749063,11.374884,14.478478,20.115773,17.664139,10.278758,11.540455,10.809177,11.447049,14.587673,20.253078,17.707424,10.271770,11.476561,10.756325,11.364490,14.505169,20.176526,17.604426,10.210606,11.420157,10.699825,11.349290,14.483983,20.114109,17.594007,10.216226,11.450392,10.745907,11.377158,14.517215,20.144344,17.667138,10.273768,11.583839
22.533313,22.713186,25.068704,33.148060,19.112904,15.832915,23.637824,22.841830,22.985098,25.272627,33.343426,19.215426,15.921112,23.783506,22.989295,23.120274,25.398045,33.477288,19.302650,15.984884,23.855677,23.043775,23.155496,25.424257,33.516339,19.288650,15.965783,23.811260,23.007847,23.106093,25.369469,33.428973,19.273370,15.967429,23.830110,23.009572,23.118282,25.388442,33.468159,19.300569,15.982526,23.860655,23.027780,23.113858,25.378037,33.442182,19.279939,15.974317,23.842318,23.020365,23.120472,25.373125,33.454553,19.280599,15.958224,23.768085
13.197258,14.686976,19.501341,27.908448,26.542173, 7.838536,14.364255,13.426229,14.869268,19.642257,28.032810,26.637367, 7.864540,14.412667,13.473566,14.914453,19.695589,28.095931,26.694740, 7.885488,14.445963,13.500886,14.934302,19.722700,28.117266,26.689527, 7.880765,14.432599,13.486146,14.917764,19.694046,28.087118,26.675127, 7.882502,14.455130,13.509780,14.952029,19.726332,28.109709,26.712744, 7.895208,14.470208,13.527455,14.958332,19.736191,28.144728,26.727888, 7.895025,14.461918,13.510118,14.944492,19.724006,28.127719,26.694548, 7.885017,14.427953
 6.755510, 6.223064, 6.846516, 9.270034, 7.837524, 6.213450, 7.143487, 5.897847, 5.586676, 6.381596, 8.830677, 7.505612, 5.952141, 6.831178, 5.631314, 5.364730, 6.160019, 8.586865, 7.280890, 5.761617, 6.649593, 5.502998, 5.287685, 6.072801, 8.508499, 7.318730, 5.820163, 6.744346, 5.586485, 5.379470, 6.199002, 8.663282, 7.365596, 5.809295, 6.646247, 5.513938, 5.274513, 6.103831, 8.576818, 7.251740, 5.716537, 6.559449, 5.434256, 5.253771, 6.077559, 8.503898, 7.238442, 5.723890, 6.604296, 5.497988, 5.289453, 6.116152, 8.539068, 7.321688, 5.812335, 6.810378
22.569753,18.791268,32.523707,44.399081,38.732641,12.775246,20.100131,20.759170,17.571283,31.138599,43.048604,37.695412,12.426201,19.528383,20.161028,17.123136,30.453169,42.273657,36.966999,12.170522,19.200995,19.881501,16.972663,30.200373,42.027190,37.086872,12.247957,19.374420,20.062643,17.153564,30.575351,42.516289,37.235040,12.234470,19.207470,19.919325,16.965405,30.307788,42.250657,36.887089,12.117720,19.053633,19.754831,16.931745,30.245306,42.068729,36.872566,12.130373,19.135358,19.883770,16.991176,30.352179,42.156406,37.104174,12.242332,19.501800
 8.205694, 9.783262,12.242220,20.952465,20.698210,11.380964,10.952651,10.455683,11.845482,13.889836,22.894314,22.378624,12.316615,11.921685,11.399248,12.768782,14.829657,24.128993,23.681509,13.064196,12.524080,11.873522,13.097792,15.193207,24.545135,23.464265,12.833817,12.200161,11.563243,12.701462,14.654792,23.730258,23.191612,12.869356,12.504485,11.797708,13.098523,15.026838,24.155321,23.820486,13.217306,12.797937,12.083114,13.170352,15.113482,24.444635,23.837113,13.178438,12.641049,11.862078,13.046587,14.963420,24.311178,23.423565,12.843556,11.960987
15.458034,16.557340,19.607887,27.555898,29.382461, 9.361422,15.915269,15.643438,16.718301,19.734713,27.683617,29.502771, 9.402175,15.986991,15.715294,16.785633,19.803830,27.762012,29.593507, 9.432765,16.028140,15.748286,16.807861,19.827864,27.787844,29.578653, 9.423411,16.005534,15.726440,16.779889,19.789982,27.735171,29.559231, 9.424393,16.024292,15.739919,16.803416,19.813698,27.760613,29.600001, 9.437355,16.043658,15.758435,16.807221,19.817877,27.773197,29.596922, 9.435493,16.033344,15.745079,16.801101,19.808690,27.768151,29.573722, 9.422769,15.986942
13.329346,13.257074,15.727970,22.129006,22.200385, 6.494506,13.816635,12.980163,12.979593,15.511504,21.912964,22.009072, 6.434210,13.690633,12.861181,12.876620,15.403078,21.789434,21.875487, 6.389235,13.615889,12.802495,12.840193,15.359267,21.748514,21.899604, 6.403718,13.656115,12.842070,12.885274,15.424438,21.831773,21.928665, 6.401533,13.615724,12.809654,12.835793,15.376902,21.787471,21.859683, 6.379013,13.578577,12.771753,12.825209,15.362871,21.748561,21.851498, 6.380704,13.597660,12.801512,12.842284,15.382804,21.766938,21.903105, 6.402675,13.685184
 4.424786, 5.447557, 7.236610,12.412111, 9.160663, 4.489194, 7.218874, 6.661911, 7.543424, 9.058353,14.613109,10.648057, 5.286832, 8.484624, 7.850654, 8.691440,10.242138,16.111489,11.877063, 5.955110, 9.313203, 8.477654, 9.113223,10.719631,16.637895,11.659606, 5.739923, 8.858295, 8.058857, 8.589455,10.003109,15.597914,11.409766, 5.772700, 9.275189, 8.351854, 9.087513,10.476856,16.125505,12.002559, 6.088227, 9.693654, 8.745304, 9.185818,10.597726,16.483430,12.013994, 6.056027, 9.476415, 8.451622, 9.033663,10.402244,16.324674,11.617126, 5.743435, 8.518847
18.459413,20.717349,30.592648,47.041883,36.405792,17.379061,21.745834,17.140107,19.537250,29.422433,45.738259,35.508380,16.949910,21.183906,16.688643,19.091288,28.835973,44.994678,34.884109,16.634970,20.856835,16.472433,18.937882,28.608930,44.753796,34.989640,16.732080,21.029248,16.613679,19.123023,28.941707,45.231057,35.117241,16.714841,20.856937,16.498062,18.922408,28.699579,44.971724,34.809705,16.565077,20.700680,16.364978,18.883019,28.634593,44.766083,34.782787,16.577978,20.781680,16.469323,18.949072,28.733085,44.863150,35.001810,16.722902,21.154422
17.668247,16.690619,17.546967,22.859175,23.393024,16.811012,18.867762,15.770100,15.258373,16.530104,21.908564,22.537885,16.208285,18.157813,15.166798,14.748715,16.040462,21.379574,21.957973,15.768179,17.743122,14.875010,14.570985,15.846155,21.208800,22.055256,15.903089,17.958581,15.064345,14.781935,16.125512,21.543867,22.175226,15.877504,17.733603,14.898685,14.538953,15.914174,21.356707,21.881286,15.662559,17.535557,14.716602,14.490471,15.854727,21.195071,21.844824,15.678769,17.637588,14.862242,14.573348,15.940591,21.272420,22.061891,15.884145,18.108843
 9.947524,10.674181,16.583710,25.317128,19.089156, 9.874410,11.649013,10.995017,11.567777,17.482979,26.291292,19.744849,10.223014,12.084037,11.414265,11.953042,17.980160,26.893835,20.240591,10.490358,12.341910,11.614551,12.084101,18.161865,27.091726,20.158236,10.408360,12.202339,11.483533,11.923541,17.886136,26.697374,20.057129,10.420797,12.327756,11.575689,12.074257,18.070200,26.900674,20.287092,10.539318,12.450654,11.692016,12.100133,18.108433,27.019273,20.282881,10.524364,12.385040,11.604271,12.056233,18.035374,26.965246,20.140360,10.409089,12.095153
