29.245403,37.268632,45.660119,63.527211,47.679240,29.214491,29.630210,26.350204,34.159718,42.981315,60.744304,45.941822,28.101139,28.430357,25.288501,32.892738,41.592148,59.169111,44.666271,27.356563,27.884015,24.884185,32.570376,41.271019,58.793160,44.695561,27.473201,27.951530,25.036967,32.799330,41.608151,59.098279,44.718256,27.281862,27.571179,24.671342,32.196573,41.051021,58.533031,43.984629,26.836032,27.170028,24.337056,32.050469,40.811733,58.198919,44.080329,26.940810,27.386352,24.563201,32.229229,40.938441,58.329294,44.256126,27.290042,27.827370
15.535133,17.286263,19.816600,27.546474,24.244884,13.331320,14.940811,15.005906,16.673877,19.264571,26.936918,23.778051,13.062202,14.632319,14.702865,16.358019,18.954517,26.586181,23.448571,12.885829,14.491857,14.588785,16.281451,18.879048,26.498527,23.449013,12.910148,14.502211,14.624904,16.324902,18.940889,26.537958,23.436370,12.861246,14.400088,14.520115,16.180953,18.820400,26.435349,23.262435,12.754726,14.299467,14.421088,16.141105,18.762406,26.348230,23.277389,12.780504,14.353261,14.487392,16.187153,18.791805,26.382418,23.328415,12.862163,14.468105
14.160124,20.815416,31.569570,42.563722,29.566756,14.594507,15.704918,14.981753,21.898510,32.717595,43.713069,30.233789,14.947988,16.109388,15.367881,22.406655,33.378336,44.422497,30.766531,15.209822,16.316469,15.533707,22.558338,33.545816,44.600517,30.751731,15.168093,16.286697,15.468323,22.443565,33.355451,44.422580,30.723680,15.227356,16.417942,15.600707,22.688235,33.613629,44.692104,31.048527,15.383975,16.567334,15.731659,22.748053,33.732566,44.828013,30.989418,15.345466,16.484573,15.646786,22.683790,33.685322,44.801810,30.938014,15.229533,16.329505
16.358159,18.196897,25.608907,37.568878,28.511667,16.669377,17.092059,15.954906,17.687876,25.020399,36.860821,28.032418,16.381435,16.792787,15.683073,17.397723,24.686845,36.457936,27.707852,16.202332,16.666575,15.589200,17.340794,24.606120,36.355504,27.697566,16.222449,16.664677,15.611122,17.357153,24.644818,36.348406,27.660405,16.164817,16.559021,15.509037,17.222940,24.509936,36.266997,27.513589,16.052844,16.467136,15.422371,17.188107,24.448517,36.142370,27.510407,16.082299,16.515267,15.484946,17.236300,24.485471,36.203189,27.578782,16.169622,16.631267
15.009592,15.395659,24.078675,39.937363,27.985285,15.825832,14.833156,15.100693,15.380625,23.990081,39.768339,27.859977,15.757959,14.775595,15.047778,15.322957,23.926238,39.675995,27.795634,15.724067,14.754999,15.033733,15.316717,23.909232,39.647828,27.784521,15.723247,14.747192,15.028985,15.305457,23.893606,39.596868,27.749512,15.704417,14.722357,15.007351,15.282379,23.870161,39.609091,27.739761,15.683588,14.711938,14.991747,15.276276,23.859150,39.569823,27.730118,15.691039,14.717137,15.003712,15.287510,23.867617,39.593898,27.752009,15.707292,14.738604
12.093275,15.121163,16.842519,26.819319,28.702081, 7.002233,13.924615,13.025103,16.017522,17.486557,27.522353,29.292800, 7.171740,14.273783,13.358201,16.386328,17.840397,27.963446,29.805621, 7.302878,14.450969,13.501648,16.492046,17.930341,28.071868,29.792494, 7.281465,14.426756,13.441328,16.409060,17.823081,27.949277,29.741928, 7.307481,14.539458,13.564484,16.600391,17.970807,28.115853,30.052775, 7.388467,14.675240,13.674595,16.638841,18.031839,28.211109,30.002820, 7.367807,14.601174,13.598059,16.590494,18.007594,28.191688,29.948803, 7.308369,14.460011
22.306322,21.547119,22.788596,31.706360,31.160043,15.098809,20.636781,19.788800,19.320718,21.030102,29.810461,29.575400,14.291097,19.508548,18.728199,18.346417,20.116672,28.774021,28.489621,13.785146,19.023998,18.351905,18.123902,19.910868,28.527857,28.504738,13.861024,19.069367,18.479598,18.262233,20.096755,28.662665,28.473308,13.716180,18.706269,18.115075,17.814308,19.732217,28.327869,27.885072,13.409079,18.345195,17.777485,17.689386,19.564787,28.076651,27.928889,13.478002,18.536037,18.006552,17.838406,19.663252,28.197194,28.114223,13.724169,18.947729
 9.779837,14.403492,15.561789,25.172001,24.811069, 7.182452,10.852434, 9.605771,14.125216,15.308718,24.838214,24.516554, 7.089876,10.717240, 9.490220,13.965002,15.167297,24.654818,24.330897, 7.035718,10.662579, 9.452403,13.934281,15.135305,24.607406,24.323726, 7.041213,10.661481, 9.459869,13.940284,15.143263,24.587910,24.282835, 7.018477,10.609056, 9.413337,13.860161,15.081683,24.546276,24.196365, 6.984068,10.571589, 9.378268,13.844670,15.060945,24.497395,24.198850, 6.994346,10.591391, 9.404309,13.873954,15.078009,24.530013,24.244063, 7.022845,10.644189
 9.407208, 9.381707,10.502224,13.526344, 8.943963, 6.318088, 8.665930, 8.916241, 8.984171,10.200376,13.245688, 8.786148, 6.198277, 8.496345, 8.743433, 8.821954,10.041905,13.083126, 8.667572, 6.116207, 8.417565, 8.675932, 8.779964,10.004680,13.043000, 8.668934, 6.128109, 8.426070, 8.700401, 8.807463,10.040050,13.069932, 8.668539, 6.105684, 8.369765, 8.637840, 8.727059, 9.975069,13.012868, 8.601010, 6.056679, 8.313583, 8.584651, 8.711369, 9.950681,12.980413, 8.611458, 6.069398, 8.344273, 8.621482, 8.734252, 9.963762,12.993163, 8.627397, 6.107632, 8.407816
17.332935,18.321922,21.589440,32.942953,28.945511,19.470573,18.574871,16.840081,17.821290,21.144698,32.416277,28.547510,19.193930,18.300066,16.594318,17.576348,20.897918,32.111588,28.262345,19.010648,18.174456,16.501047,17.516775,20.838064,32.034974,28.261941,19.035386,18.183384,16.530584,17.549952,20.886316,32.068713,28.251018,18.984018,18.091536,16.443883,17.436092,20.789250,31.978790,28.100459,18.873706,18.001917,16.364736,17.407240,20.745254,31.905149,28.115081,18.901117,18.050101,16.418409,17.442882,20.767849,31.934368,28.158576,18.985952,18.152889
18.437307,18.346289,23.430652,37.869280,29.906743,17.715596,17.394600,17.173118,17.227595,22.404996,36.623784,29.076773,17.198709,16.858091,16.648961,16.737399,21.857415,35.908964,28.468694,16.850977,16.610553,16.446875,16.611861,21.727303,35.734085,28.477387,16.902555,16.637225,16.519488,16.695162,21.852989,35.854271,28.477206,16.811125,16.463673,16.337343,16.462521,21.635069,35.612116,28.135399,16.603345,16.286199,16.172121,16.407652,21.541641,35.458082,28.180501,16.654480,16.382226,16.283843,16.476145,21.589156,35.515190,28.263518,16.814926,16.580388
 9.538976, 9.890726,12.666600,17.850112,16.179379, 9.108283,11.395560, 9.839184,10.116972,12.847352,18.023060,16.303624, 9.185402,11.500151, 9.931782,10.207546,12.941484,18.129140,16.408425, 9.241072,11.546140, 9.966722,10.225645,12.964676,18.155719,16.412096, 9.234609,11.546891, 9.955617,10.218544,12.949304,18.148400,16.412136, 9.248890,11.584314, 9.995990,10.268627,12.992778,18.172532,16.462447, 9.285386,11.620868,10.023284,10.275322,13.006498,18.206266,16.461429, 9.274169,11.601811,10.000659,10.260348,12.998496,18.191955,16.440870, 9.246776,11.556298
15.775835,14.172929,19.482407,28.718309,25.469285,12.537490,13.827485,14.909419,13.427913,18.718338,27.845080,24.805370,12.191513,13.434050,14.496373,13.075716,18.304268,27.352623,24.339655,11.968878,13.260353,14.345741,12.993280,18.208129,27.233194,24.344113,12.001526,13.275448,14.396072,13.043142,18.291760,27.293140,24.327853,11.937386,13.144415,14.250072,12.877510,18.124274,27.137029,24.074269,11.800223,13.015132,14.115547,12.832725,18.048101,27.015391,24.094553,11.832685,13.083674,14.207247,12.887305,18.091779,27.071452,24.174104,11.941049,13.232245
13.490470,14.518839,18.489385,24.951243,21.605901,11.590386,15.588173,13.217959,14.177057,18.128912,24.554908,21.299243,11.419057,15.357972,13.026984,13.981383,17.923511,24.329070,21.094440,11.311757,15.257245,12.958320,13.937690,17.874488,24.271149,21.090026,11.324228,15.260194,12.976141,13.954897,17.899873,24.269900,21.062020,11.286973,15.177042,12.904789,13.861283,17.816139,24.213335,20.960700,11.221742,15.109623,12.846480,13.842109,17.784284,24.158322,20.970067,11.240584,15.146425,12.888017,13.873214,17.804721,24.186478,21.008419,11.292163,15.233512
13.105469,16.181965,23.109296,34.866950,23.360544,11.812343,14.838275,12.447574,15.512304,22.454460,34.140631,22.954294,11.591654,14.547778,12.203200,15.235043,22.107202,33.722523,22.650834,11.441035,14.412023,12.107757,15.161211,22.026419,33.621836,22.659423,11.465229,14.430664,12.144686,15.215732,22.115110,33.711113,22.666813,11.426436,14.337000,12.060094,15.081967,21.974987,33.551524,22.485967,11.335621,14.236419,11.980525,15.048716,21.914156,33.467247,22.512147,11.356624,14.290734,12.033387,15.087940,21.945721,33.499211,22.552031,11.427734,14.399291
14.267771,19.233364,34.522950,44.521926,26.964264, 9.804424,17.099401,13.703381,18.487160,33.506068,43.483169,26.414454, 9.588632,16.725595,13.406202,18.114870,32.942440,42.888400,26.026971, 9.448092,16.557584,13.295705,18.026624,32.807370,42.740645,26.027112, 9.467405,16.569471,13.330596,18.075816,32.916002,42.803009,26.010340, 9.427433,16.444738,13.226126,17.903704,32.693373,42.628668,25.806151, 9.342114,16.323482,13.129993,17.858004,32.590476,42.480327,25.823050, 9.363003,16.388254,13.195311,17.913610,32.645504,42.542692,25.885850, 9.429128,16.528337
10.820257,11.797877,16.977832,25.009876,26.472470, 8.903968,14.568469,14.000815,14.485941,19.386192,27.436104,28.489531, 9.675288,15.904806,15.304705,15.704702,20.814273,29.031297,30.293785,10.300411,16.629657,15.901990,16.089725,21.186587,29.433540,30.227135,10.193040,16.510880,15.643868,15.773349,20.716996,28.933949,30.038339,10.319436,16.961068,16.128121,16.414218,21.310004,29.598527,31.203448,10.707583,17.523243,16.597116,16.553757,21.568338,29.903939,30.977761,10.611948,17.209770,16.283780,16.395329,21.470576,29.861784,30.819186,10.326308,16.650560
15.404427,15.976317,25.779827,37.198829,26.151939,11.838682,16.743608,15.264758,15.757943,25.459011,36.798582,25.891365,11.717266,16.577205,15.119381,15.610241,25.271254,36.574786,25.727361,11.646022,16.509858,15.072025,15.583863,25.226258,36.515837,25.718303,11.652342,16.505213,15.079052,15.584807,25.233567,36.485175,25.682263,11.624303,16.442075,15.022154,15.516031,25.156464,36.450320,25.614953,11.579564,16.395988,14.976971,15.499812,25.124623,36.379945,25.611014,11.592500,16.420219,15.010339,15.526130,25.147109,36.420308,25.651101,11.628309,16.484729
13.846438,14.962530,28.914395,43.074912,27.440170,12.655990,16.662347,16.382897,16.887727,31.073902,45.188381,28.470487,13.188238,17.439466,17.163465,17.604534,32.248739,46.523021,29.400785,13.615491,17.851405,17.514823,17.835987,32.534846,46.841132,29.345922,13.534554,17.765376,17.347308,17.620756,32.106791,46.321290,29.204135,13.614123,18.009892,17.626540,18.000782,32.599792,46.965315,29.842702,13.875579,18.334963,17.897343,18.082138,32.803383,47.176957,29.708469,13.816080,18.155164,17.718498,17.992035,32.720875,47.152050,29.637398,13.618301,17.842366
14.653620,14.761676,18.006262,22.752423,21.514358,12.680518,15.422450,14.085661,14.228278,17.529779,22.291776,21.145449,12.450687,15.132956,13.823366,13.982049,17.268042,22.024688,20.875568,12.294709,14.996231,13.720201,13.916273,17.205054,21.958905,20.880889,12.318413,15.012649,13.757639,13.961493,17.268414,22.008201,20.881902,12.278001,14.919274,13.668887,13.846981,17.166552,21.914717,20.726995,12.185364,14.821652,13.583496,13.817283,17.119733,21.859177,20.749070,12.207328,14.874801,13.639502,13.850912,17.142341,21.878014,20.783275,12.278514,14.981181
 3.972035, 5.005666, 7.453797,12.134966,10.862551, 6.707247, 7.025747, 6.617392, 7.418615, 9.536820,14.347727,12.426581, 7.779511, 8.260959, 7.806086, 8.618866,10.851623,15.882693,13.891792, 8.691059, 8.957454, 8.373731, 8.999014,11.211616,16.292637,13.864510, 8.547482, 8.865951, 8.143913, 8.719799,10.812990,15.881694,13.749609, 8.745761, 9.320291, 8.625926, 9.384556,11.376499,16.474803,14.669285, 9.323313, 9.865956, 9.069589, 9.508152,11.606233,16.789874,14.489337, 9.169321, 9.557099, 8.763876, 9.344230,11.522951,16.743358,14.352893, 8.749892, 9.005385
14.442547,13.245780,20.937160,25.409540,22.478311,12.435637,14.487542,14.027813,12.837118,20.432606,24.916476,22.096096,12.214703,14.226386,13.781062,12.621569,20.148738,24.635036,21.832100,12.072712,14.109552,13.690129,12.571019,20.080530,24.564369,21.831116,12.091624,14.116790,13.717353,12.597290,20.130921,24.586628,21.813409,12.049126,14.028073,13.630314,12.498147,20.019113,24.506919,21.676400,11.962942,13.944880,13.550238,12.471640,19.967416,24.436504,21.687212,11.984315,13.989431,13.604509,12.504351,19.995787,24.467473,21.731529,12.051406,14.087122
 6.367724, 8.374960,10.398744,15.715331,13.385042, 4.588339, 7.346637, 6.495596, 8.484184,10.468032,15.775079,13.416478, 4.603180, 7.373839, 6.522057, 8.509879,10.503308,15.814200,13.456538, 4.618712, 7.392176, 6.536929, 8.523712,10.512167,15.821349,13.447597, 4.613645, 7.383351, 6.526110, 8.502519,10.482590,15.774547,13.421306, 4.611683, 7.386145, 6.530193, 8.511997,10.493521,15.808662,13.459545, 4.620674, 7.403824, 6.543003, 8.520524,10.505587,15.811955,13.451123, 4.620893, 7.394409, 6.537060, 8.520066,10.503620,15.818806,13.455562, 4.614813, 7.385048
21.289096,22.282843,29.079533,41.562404,36.312032,17.928561,23.630043,21.038661,21.804957,28.482355,40.811127,35.707777,17.624468,23.238500,20.702195,21.462892,28.123113,40.381090,35.312422,17.439024,23.073893,20.587679,21.398989,28.032359,40.268849,35.293533,17.457160,23.064460,20.607833,21.407800,28.063733,40.239633,35.236157,17.397390,22.926744,20.485609,21.260747,27.926839,40.178188,35.075252,17.282600,22.810304,20.375814,21.215245,27.853996,40.031260,35.060159,17.312311,22.870618,20.453385,21.271282,27.894098,40.098431,35.145722,17.399608,23.020062
17.141114,17.699511,22.275199,31.930879,24.963543,16.245091,17.665704,15.654923,16.361531,21.078097,30.645082,24.118661,15.666769,17.003273,15.070115,15.795703,20.447640,29.913959,23.500681,15.279258,16.698791,14.845647,15.649529,20.300222,29.738114,23.514730,15.339662,16.736473,14.929728,15.752930,20.453789,29.878684,23.523528,15.240037,16.525975,14.729973,15.485868,20.203316,29.617456,23.167874,15.008565,16.304381,14.544135,15.419406,20.093189,29.463473,23.215347,15.062958,16.424035,14.668491,15.498368,20.149846,29.521170,23.298450,15.243192,16.666938
16.403574,16.601361,18.103157,23.872539,28.537392,13.312852,17.537550,15.526572,15.796824,17.462945,23.229830,27.895369,12.993715,17.103772,15.145306,15.436886,17.116003,22.861109,27.427829,12.779197,16.901548,14.997464,15.342190,17.033819,22.771485,27.438809,12.812655,16.926763,15.051938,15.408984,17.119526,22.843304,27.444403,12.757672,16.788462,14.923916,15.242588,16.984201,22.711541,27.174441,12.629463,16.640843,14.798459,15.196501,16.920021,22.632696,27.209322,12.658425,16.720346,14.880356,15.246562,16.951733,22.661061,27.270985,12.757714,16.879646
 5.006947, 5.173322, 6.123943, 9.025803, 9.398824, 6.325187, 5.481238, 4.896948, 5.041703, 5.997375, 8.878591, 9.264089, 6.229661, 5.395135, 4.820859, 4.967302, 5.924816, 8.794089, 9.171768, 6.168482, 5.356628, 4.792861, 4.950143, 5.907015, 8.772429, 9.170412, 6.176024, 5.358150, 4.800567, 4.957904, 5.918391, 8.776131, 9.162081, 6.157139, 5.328326, 4.773331, 4.923688, 5.889875, 8.754385, 9.115982, 6.119979, 5.301536, 4.748855, 4.914878, 5.876872, 8.732553, 9.119156, 6.129647, 5.315858, 4.765574, 4.926197, 5.883912, 8.742082, 9.135057, 6.158254, 5.348180
 4.775117, 5.545213,10.359870,14.039752,11.636901, 6.122504, 7.600411, 7.322245, 7.836414,12.872428,16.348054,13.166763, 7.034343, 8.813275, 8.512056, 8.987165,14.457697,17.942332,14.590849, 7.806369, 9.497365, 9.079290, 9.354300,14.893399,18.363319,14.557709, 7.681462, 9.402462, 8.845676, 9.075777,14.393644,17.912804,14.430688, 7.841125, 9.837450, 9.314459, 9.699487,15.061313,18.530009,15.328093, 8.328542,10.372220, 9.759380, 9.825179,15.349113,18.860714,15.155124, 8.201206,10.070185, 9.456416, 9.672221,15.248798,18.820311,15.028219, 7.849649, 9.534986
15.482104,17.744693,26.619582,41.459852,31.279853,20.025904,18.364054,15.630873,17.911618,26.797096,41.668868,31.413185,20.114652,18.450034,15.703392,17.986679,26.897607,41.791102,31.510511,20.176429,18.493412,15.733788,18.010684,26.920615,41.820449,31.504575,20.165298,18.484303,15.720999,17.989926,26.889166,41.783018,31.500284,20.181134,18.511468,15.743234,18.024103,26.927207,41.841249,31.567036,20.217436,18.542392,15.768781,18.034931,26.946019,41.857390,31.552430,20.209693,18.525266,15.753795,18.025284,26.937185,41.853132,31.543720,20.181275,18.494186
 8.899732,10.348179,17.915898,28.540087,20.932547, 9.408480,10.681257, 9.363956,10.732282,18.303283,28.942744,21.156206, 9.523961,10.828118, 9.497682,10.865588,18.507947,29.193385,21.360926, 9.617399,10.906600, 9.558310,10.910448,18.557695,29.250938,21.345287, 9.598314,10.887822, 9.527527,10.864773,18.473048,29.133403,21.302464, 9.611895,10.929748, 9.571458,10.932178,18.555522,29.261909,21.447301, 9.668329,10.992479, 9.618444,10.949807,18.594689,29.300857,21.417442, 9.656965,10.958185, 9.588719,10.934711,18.580905,29.301172,21.405874, 9.615045,10.901243
15.159875,20.135534,18.469550,30.071390,21.940558, 9.169276,14.745960,14.282001,19.136661,17.812105,29.276968,21.452494, 8.946289,14.380307,13.930461,18.707102,17.459820,28.818120,21.089634, 8.794004,14.208510,13.792418,18.592840,17.375960,28.706292,21.097703, 8.817586,14.229981,13.844093,18.673921,17.464156,28.798945,21.105274, 8.779383,14.113496,13.724368,18.471637,17.325455,28.633880,20.895190, 8.688672,13.988809,13.610805,18.420432,17.263011,28.538448,20.924700, 8.709889,14.056272,13.685880,18.479050,17.293261,28.570876,20.970420, 8.779747,14.190967
15.953927,17.015885,22.898387,30.335157,27.551768,12.829721,16.409562,15.088954,16.126924,21.991154,29.391321,26.812560,12.465866,15.935193,14.660050,15.694137,21.496397,28.856222,26.295567,12.232310,15.727038,14.504421,15.596126,21.379822,28.724543,26.294265,12.264066,15.739749,14.552737,15.648269,21.469482,28.772101,26.267834,12.195849,15.580567,14.399255,15.445988,21.270624,28.619612,25.999671,12.052797,15.428573,14.262465,15.393964,21.181789,28.481397,26.017539,12.088223,15.509277,14.357359,15.460729,21.232343,28.544105,26.107803,12.200305,15.688269
13.935421,13.984752,23.960247,36.101964,24.810108,11.068950,15.099311,13.915370,13.843629,23.700477,35.742630,24.575780,10.960842,14.958675,13.791210,13.724017,23.535344,35.536310,24.426349,10.894224,14.895388,13.746225,13.696737,23.493017,35.482019,24.422855,10.901829,14.896386,13.755945,13.706530,23.515005,35.480742,24.402294,10.880667,14.848016,13.715283,13.658093,23.456458,35.438347,24.333122,10.840963,14.805831,13.672799,13.640491,23.421506,35.379739,24.334517,10.850543,14.828353,13.699963,13.658339,23.438703,35.403581,24.360730,10.880524,14.879257
27.960241,29.521126,37.396936,61.349064,46.984189,27.155502,29.158830,27.204305,28.765540,36.681466,60.439574,46.388055,26.798580,28.760343,26.837970,28.402885,36.284843,59.912300,45.956587,26.559492,28.575467,26.696765,28.310989,36.188797,59.780748,45.959981,26.593616,28.592521,26.744324,28.367652,36.274661,59.856257,45.951550,26.528869,28.461035,26.617199,28.198943,36.119148,59.687843,45.714905,26.385229,28.328319,26.497688,28.154882,36.047361,59.566663,45.741749,26.419907,28.399790,26.577362,28.206565,36.083147,59.612138,45.803303,26.530254,28.548309
10.729032,14.184552,19.897767,28.878936,19.918502, 6.661658,12.815487,11.372459,14.797383,20.412144,29.370885,20.177655, 6.764842,13.026010,11.565968,15.014033,20.687754,29.679420,20.414719, 6.849194,13.141215,11.655663,15.090383,20.755334,29.750433,20.395020, 6.831686,13.112037,11.609612,15.011530,20.637219,29.598811,20.343617, 6.843535,13.171026,11.670892,15.118990,20.745384,29.761577,20.514698, 6.893490,13.261048,11.739090,15.147561,20.797955,29.803148,20.475807, 6.883573,13.211094,11.696986,15.124831,20.780809,29.809019,20.466577, 6.846640,13.131184
 8.058354, 8.219226,12.457449,14.322751,18.674742, 5.645471, 8.800339, 7.788300, 7.919641,12.105477,13.996711,18.310137, 5.520783, 8.611790, 7.623397, 7.761750,11.906478,13.810095,18.056379, 5.439811, 8.526040, 7.561622, 7.723261,11.858416,13.763709,18.057822, 5.451252, 8.533049, 7.581271, 7.745674,11.898756,13.785531,18.047421, 5.428562, 8.470886, 7.525263, 7.674833,11.822228,13.729643,17.912031, 5.379788, 8.409314, 7.470630, 7.653942,11.784033,13.683837,17.923798, 5.391201, 8.442319, 7.506705, 7.677063,11.803669,13.702203,17.963172, 5.428880, 8.511997
16.218435,15.631578,18.145320,23.071244, 7.068405, 3.097972,15.253188,16.328175,15.643835,18.106551,23.001689, 7.042345, 3.086030,15.212884,16.290352,15.600368,18.074999,22.963540, 7.029900, 3.080830,15.202359,16.284057,15.601547,18.065478,22.950520, 7.025639, 3.079802,15.189614,16.273771,15.581301,18.045641,22.911822, 7.015823, 3.076284,15.170359,16.255203,15.565510,18.034438,22.933242, 7.018884, 3.072881,15.165983,16.245183,15.561158,18.028256,22.906664, 7.013756, 3.074328,15.167314,16.254938,15.570997,18.033246,22.922283, 7.020009, 3.076808,15.183494
24.364528,27.160020,34.398366,46.276828,34.573325,18.963955,25.385688,22.373143,25.166416,32.562024,44.391680,33.381808,18.276612,24.429619,21.537140,24.295872,31.586161,43.321422,32.519492,17.819560,23.991845,21.218195,24.073171,31.357244,43.063537,32.537588,17.890144,24.043805,21.335425,24.227779,31.590511,43.259535,32.544192,17.771731,23.739809,21.051598,23.821598,31.205517,42.885944,32.052932,17.498373,23.421638,20.784302,23.716286,31.031406,42.654091,32.114516,17.562227,23.592940,20.962417,23.838464,31.120744,42.741769,32.233257,17.774711,23.943026
15.972951,16.494398,20.918699,28.419943,26.023305,13.927402,16.128499,15.093416,15.741550,20.265756,27.768571,25.534614,13.646882,15.785069,14.772754,15.438117,19.917582,27.392111,25.162768,13.450937,15.618447,14.642939,15.349464,19.836397,27.303477,25.182030,13.486135,15.649193,14.698387,15.425563,19.945164,27.418006,25.211763,13.442461,15.545219,14.596062,15.284983,19.810375,27.254514,24.974181,13.325943,15.419557,14.486291,15.242065,19.742680,27.186139,25.012839,13.349071,15.487308,14.554708,15.281611,19.773587,27.205049,25.051142,13.439440,15.612411
14.536875,14.552308,18.092105,24.634855,23.508322,13.875571,15.443424,14.001281,14.027349,17.598749,24.112026,23.079995,13.610727,15.139126,13.728818,13.770407,17.325778,23.810742,22.773965,13.435563,14.999975,13.625401,13.707203,17.259847,23.735584,22.774949,13.459930,15.011248,13.659177,13.744132,17.315137,23.771825,22.764470,13.411048,14.910010,13.563583,13.624268,17.207429,23.680004,22.600172,13.305570,14.810828,13.476095,13.594110,17.159017,23.608980,22.617483,13.331810,14.864299,13.535333,13.631377,17.184099,23.637104,22.663631,13.413101,14.977809
13.484379,16.230641,23.685621,33.883367,25.135837,11.605849,14.288411,13.234851,15.788618,23.104768,33.170635,24.652137,11.373338,14.007054,12.982986,15.500332,22.763031,32.766862,24.335499,11.231504,13.887988,12.896638,15.442899,22.679962,32.664298,24.326539,11.247727,13.886985,12.915805,15.460073,22.720245,32.656406,24.286706,11.201778,13.788807,12.825505,15.333340,22.587356,32.576046,24.143369,11.113698,13.703183,12.742609,15.294332,22.519311,32.450057,24.138921,11.135720,13.747859,12.800185,15.341832,22.558795,32.510594,24.205380,11.204292,13.854973
14.236720,15.214467,23.463867,34.713720,28.194723,13.578739,14.638562,13.445649,14.405997,22.525755,33.625424,27.430010,13.191256,14.208975,13.058020,14.011946,22.017870,33.012593,26.898301,12.946157,14.025767,12.921600,13.929052,21.898792,32.861766,26.892645,12.978239,14.032330,12.961448,13.967393,21.980563,32.896880,26.857918,12.904406,13.885784,12.818536,13.781229,21.772270,32.736370,26.593105,12.751482,13.748651,12.694968,13.733481,21.680044,32.563705,26.600179,12.789586,13.820526,12.782856,13.797314,21.735347,32.647374,26.703450,12.910111,13.985567
19.095555,19.429484,21.809137,30.396878,25.856933,12.938958,18.504484,18.601457,18.829641,21.253678,29.766859,25.384418,12.690506,18.149076,18.252917,18.499054,20.932896,29.402875,25.054178,12.526505,17.981933,18.117847,18.412463,20.853761,29.311915,25.058616,12.550465,17.999050,18.162699,18.467400,20.926174,29.366086,25.050321,12.506882,17.884523,18.049608,18.323076,20.807146,29.251179,24.868758,12.409982,17.767412,17.932704,18.278118,20.744249,29.168460,24.889797,12.432153,17.830913,18.007198,18.323259,20.773477,29.196140,24.933685,12.505803,17.959311
14.947014,16.290300,23.386312,28.723271,24.489336,13.196525,15.321716,14.210028,15.573976,22.649176,28.032185,23.990543,12.912070,14.978337,13.894535,15.251582,22.251365,27.634966,23.627162,12.722224,14.821756,13.774703,15.172273,22.156743,27.537328,23.630352,12.749713,14.836087,13.815869,15.221665,22.243074,27.596107,23.626590,12.698869,14.723685,13.705076,15.069941,22.084644,27.468594,23.427780,12.584161,14.609017,13.603470,15.031437,22.013522,27.375122,23.448427,12.611675,14.670521,13.672465,15.078255,22.050541,27.412195,23.502572,12.700568,14.799096
11.222175,11.933251,15.365070,22.198101,23.114496,11.865672,12.594937,12.654232,13.025371,16.204893,22.996245,23.744239,12.227296,13.024961,13.094966,13.429710,16.657845,23.496305,24.308635,12.514998,13.250532,13.291146,13.558165,16.768128,23.614413,24.275471,12.460341,13.204034,13.197620,13.438227,16.602550,23.419521,24.187020,12.512016,13.336785,13.352939,13.649212,16.790945,23.656235,24.570096,12.687965,13.515327,13.505174,13.696718,16.871644,23.740469,24.493598,12.648568,13.417039,13.404633,13.646121,16.839229,23.729895,24.449017,12.516004,13.245358
13.344499,11.609670,21.655492,23.236993,21.107521,10.900555,14.538829,12.783828,11.185189,21.111318,22.794811,20.770364,10.714448,14.282260,12.558512,10.997636,20.818124,22.537337,20.519284,10.588037,14.164231,12.471728,10.951694,20.746982,22.472889,20.519073,10.605245,14.172930,12.500541,10.978396,20.808285,22.508286,20.516934,10.572163,14.088708,12.420107,10.889613,20.691771,22.430343,20.383574,10.496210,14.003158,12.348611,10.868604,20.640766,22.368259,20.397025,10.515063,14.048980,12.397758,10.895223,20.665838,22.391217,20.433280,10.573007,14.145399
29.245403,37.268632,45.660119,63.527211,47.679240,29.214491,29.630210,26.350204,34.159718,42.981315,60.744304,45.941822,28.101139,28.430357,25.288501,32.892738,41.592148,59.169111,44.666271,27.356563,27.884015,24.884185,32.570376,41.271019,58.793160,44.695561,27.473201,27.951530,25.036967,32.799330,41.608151,59.098279,44.718256,27.281862,27.571179,24.671342,32.196573,41.051021,58.533031,43.984629,26.836032,27.170028,24.337056,32.050469,40.811733,58.198919,44.080329,26.940810,27.386352,24.563201,32.229229,40.938441,58.329294,44.256126,27.290042,27.827370
 7.593860, 7.611291,11.934024,21.556756,20.075201, 8.286932,10.116305,11.236951,10.612941,14.832826,25.110220,22.715925, 9.513242,11.723724,13.028609,12.166564,16.685074,27.577101,25.168847,10.553535,12.635198,13.886366,12.661085,17.202341,28.235611,25.122097,10.388937,12.517051,13.541378,12.296207,16.625417,27.560936,24.912384,10.600993,13.092514,14.241579,13.124175,17.392899,28.478147,26.429972,11.255598,13.801867,14.917665,13.299609,17.739201,29.010868,26.148138,11.085625,13.401255,14.460373,13.096239,17.625079,28.951792,25.932968,10.618344,12.693952
 2.452942, 3.069994, 5.824428,10.097250, 8.855944, 4.161437, 5.238175, 4.257645, 4.784597, 7.629812,12.134436,10.285409, 4.950002, 6.286010, 5.152488, 5.684585, 8.801434,13.570271,11.635448, 5.629587, 6.887455, 5.586645, 5.973104, 9.130669,13.958184,11.612523, 5.522973, 6.811049, 5.412806, 5.763386, 8.769492,13.572391,11.503078, 5.665525, 7.197216, 5.773004, 6.254731, 9.263560,14.110250,12.343706, 6.097125, 7.669677, 6.115663, 6.353372, 9.479107,14.418612,12.183265, 5.982873, 7.401395, 5.881891, 6.232573, 9.406965,14.382257,12.062622, 5.674162, 6.929393
18.437307,18.346289,23.430652,37.869280,29.906743,17.715596,17.394600,17.173118,17.227595,22.404996,36.623784,29.076773,17.198709,16.858091,16.648961,16.737399,21.857415,35.908964,28.468694,16.850977,16.610553,16.446875,16.611861,21.727303,35.734085,28.477387,16.902555,16.637225,16.519488,16.695162,21.852989,35.854271,28.477206,16.811125,16.463673,16.337343,16.462521,21.635069,35.612116,28.135399,16.603345,16.286199,16.172121,16.407652,21.541641,35.458082,28.180501,16.654480,16.382226,16.283843,16.476145,21.589156,35.515190,28.263518,16.814926,16.580388
11.474477,12.357715,17.975338,23.511477,21.547421,11.815781,11.707633,10.589420,11.558620,17.174597,22.730569,20.951295,11.467568,11.342424,10.260045,11.225324,16.753692,22.285792,20.513327,11.234808,11.176537,10.135124,11.142621,16.655407,22.178069,20.520103,11.269858,11.194039,10.180030,11.197659,16.752726,22.256250,20.524397,11.209559,11.077033,10.065690,11.040797,16.584926,22.104665,20.279504,11.069292,10.953593, 9.959634,11.000079,16.509210,22.002719,20.305720,11.101457,11.019435,10.031135,11.048027,16.548602,22.043189,20.369100,11.210876,11.155049
17.164803,17.520239,35.110090,51.853571,39.261638,14.544462,17.042030,17.767976,17.952242,35.606609,52.323342,39.526013,14.655631,17.190594,17.926283,18.092358,35.860162,52.609950,39.762350,14.743869,17.268765,17.997175,18.140527,35.917269,52.674004,39.741299,14.725215,17.247569,17.959774,18.090230,35.815832,52.541092,39.698507,14.741950,17.292560,18.014278,18.166517,35.924291,52.704439,39.877130,14.794927,17.352794,18.066187,18.180429,35.962670,52.731137,39.830713,14.782670,17.318795,18.032262,18.163499,35.944876,52.731099,39.816885,14.741122,17.261245
 8.231821,10.718493,10.567967,15.399092,13.778139, 7.494147, 9.037296, 8.048903,10.439036,10.337539,15.129385,13.564233, 7.369966, 8.887533, 7.917659,10.283445,10.204426,14.974568,13.417268, 7.288993, 8.817467, 7.867140,10.242462,10.172042,14.935607,13.419102, 7.300635, 8.824752, 7.883635,10.267929,10.200213,14.955417,13.411517, 7.277171, 8.774903, 7.840058,10.198127,10.149681,14.904984,13.329547, 7.229137, 8.726744, 7.796556,10.178129,10.125053,14.872131,13.340440, 7.240691, 8.752954, 7.824380,10.199993,10.137342,14.884551,13.360785, 7.277716, 8.807275
17.996675,18.549226,20.109251,27.423132,22.783388,13.867293,14.798343,16.431714,17.215769,19.112021,26.427995,22.102651,13.425041,14.295483,15.879672,16.686602,18.591254,25.857691,21.588742,13.120717,14.058578,15.662050,16.541493,18.470587,25.723460,21.609087,13.172610,14.096351,15.751466,16.658195,18.618638,25.871887,21.639412,13.101514,13.941794,15.568312,16.408478,18.412811,25.643287,21.325403,12.920114,13.764897,15.388093,16.341728,18.318070,25.531973,21.372854,12.959527,13.860534,15.505675,16.412989,18.364361,25.568330,21.433340,13.100818,14.044718
 8.326300, 8.723459,10.734703,15.458843,14.180933, 8.532349, 8.512049, 8.159081, 8.523122,10.536090,15.229879,13.995801, 8.414830, 8.392185, 8.046416, 8.412447,10.421223,15.096742,13.865634, 8.337139, 8.336219, 8.003010, 8.384507,10.392543,15.062897,13.865746, 8.347685, 8.340462, 8.016442, 8.400319,10.416025,15.078450,13.860629, 8.326625, 8.301161, 7.978810, 8.351654,10.373144,15.040149,13.792233, 8.280564, 8.262045, 7.941363, 8.337147,10.350939,15.007846,13.798831, 8.291464, 8.283137, 7.965689, 8.352504,10.361226,15.019030,13.817134, 8.326255, 8.326921
 8.401371, 8.503340, 9.227175,14.244088,15.498871, 5.291923, 8.632080, 7.859727, 8.071900, 8.914277,13.903625,15.200540, 5.173707, 8.437667, 7.681978, 7.904766, 8.751460,13.708270,14.973982, 5.092477, 8.346903, 7.612517, 7.859686, 8.714412,13.662193,14.982571, 5.106257, 8.361104, 7.640926, 7.895555, 8.759255,13.711185,14.993983, 5.086148, 8.299443, 7.579733, 7.814152, 8.692829,13.631077,14.854192, 5.036754, 8.230170, 7.521042, 7.793017, 8.663630,13.592436,14.874408, 5.047573, 8.267184, 7.559727, 7.816839, 8.678912,13.607343,14.903825, 5.086558, 8.340296
16.801741,17.460913,18.774745,24.527473,23.510158,10.466877,15.588132,16.312614,16.937646,18.331852,24.064781,23.124674,10.284471,15.317385,16.036470,16.665265,18.082420,23.798189,22.852662,10.165559,15.195786,15.934039,16.602650,18.021077,23.730775,22.850024,10.180921,15.201246,15.963839,16.633529,18.066482,23.753841,22.837525,10.148064,15.111403,15.867462,16.511454,17.970376,23.684118,22.701552,10.075906,15.022988,15.776334,16.475658,17.921808,23.611060,22.707627,10.093009,15.069597,15.837787,16.516095,17.946037,23.640145,22.752481,10.147973,15.171022
12.866515,14.334872,21.337384,26.459592,32.607244,13.152378,15.282667,11.974505,13.463964,20.419353,25.599729,31.726358,12.770919,14.819108,11.609596,13.085212,19.930430,25.108009,31.083615,12.515413,14.605927,11.469519,12.988056,19.815533,24.988427,31.094901,12.554036,14.630285,11.520513,13.053882,19.928729,25.073109,31.094206,12.485781,14.479771,11.393569,12.873191,19.732829,24.901740,30.727951,12.332528,14.325965,11.277983,12.830215,19.649392,24.797544,30.777113,12.369892,14.409137,11.355983,12.883900,19.693172,24.838050,30.866377,12.489211,14.580789
 9.789540, 9.717555,12.310740,16.478005,20.039374, 9.023857, 8.879437, 9.021029, 9.058660,11.724887,15.894055,19.452503, 8.736867, 8.580708, 8.722110, 8.778541,11.416667,15.563274,19.027904, 8.547140, 8.445872, 8.609591, 8.709076,11.345389,15.483204,19.034513, 8.575616, 8.460377, 8.649907, 8.754860,11.413660,15.535879,19.030623, 8.523346, 8.362667, 8.544597, 8.620561,11.288777,15.421899,18.791226, 8.408759, 8.264025, 8.450050, 8.588522,11.236233,15.349521,18.820154, 8.436423, 8.317073, 8.514514, 8.629571,11.265398,15.380540,18.883603, 8.526711, 8.428215
11.304781,11.530972,13.857367,20.605931,22.548442,13.823900,14.859156,13.465386,13.254151,15.175877,21.951493,23.710165,14.596353,15.767237,14.302153,14.006390,15.930802,22.811789,24.715979,15.201032,16.241639,14.671829,14.232091,16.123452,23.027578,24.687130,15.101874,16.171901,14.517734,14.055625,15.895042,22.789447,24.603867,15.231943,16.476503,14.829224,14.448703,16.209567,23.130184,25.231698,15.604598,16.837157,15.116132,14.528523,16.339092,23.299310,25.116022,15.509745,16.637193,14.920894,14.428877,16.286441,23.266007,25.016160,15.233276,16.265638
11.528628,12.214492,15.753684,21.872419,24.884311,10.491453,13.297784,12.021553,12.572523,16.016619,22.101143,25.071258,10.583287,13.430657,12.146951,12.686386,16.151449,22.244366,25.250185,10.659903,13.502698,12.204942,12.726299,16.183571,22.276551,25.234565,10.643589,13.483610,12.173900,12.683648,16.124667,22.202618,25.191906,10.654052,13.521070,12.215739,12.743837,16.180484,22.281975,25.324234,10.700097,13.578511,12.258448,12.757039,16.204041,22.299850,25.293137,10.690402,13.546726,12.231029,12.744650,16.195831,22.302242,25.285557,10.655955,13.495021
15.923738,17.405785,25.533689,34.286520,27.073284,13.599946,16.813271,15.396197,16.857613,24.935777,33.661498,26.648764,13.375074,16.527998,15.138503,16.592986,24.606185,33.301644,26.344418,13.226637,16.398668,15.041583,16.529407,24.526890,33.212036,26.344902,13.247221,16.408298,15.072892,16.565759,24.592717,33.254147,26.334980,13.205858,16.313132,14.981668,16.442086,24.461789,33.146050,26.173061,13.115638,16.219070,14.898028,16.409914,24.401905,33.057235,26.187299,13.137647,16.269332,14.954913,16.449172,24.433360,33.093620,26.235333,13.207355,16.376813
10.384492,10.688545,12.324252,22.254715,18.842998, 8.436027,10.971047,10.712685,10.880810,12.426960,22.342094,18.881847, 8.460193,11.014338,10.759614,10.919110,12.471705,22.399649,18.938352, 8.486234,11.040354,10.784177,10.936137,12.481466,22.410855,18.929492, 8.479121,11.029621,10.767207,10.913046,12.454098,22.360522,18.902995, 8.480248,11.040334,10.784282,10.939004,12.475579,22.408107,18.955682, 8.495998,11.062462,10.798691,10.940786,12.480536,22.406645,18.938327, 8.492394,11.049912,10.788794,10.937704,12.479379,22.413057,18.940636, 8.480443,11.032036
 8.113968, 9.183432,10.943413,16.535118, 7.374761, 3.717659, 9.107785, 8.989984,10.120371,11.734666,17.410495, 7.722319, 3.921167, 9.572903, 9.450589,10.596123,12.206836,17.970572, 8.009987, 4.076611, 9.814593, 9.651818,10.732840,12.333557,18.115613, 8.007520, 4.053897, 9.789837, 9.577796,10.640821,12.205965,17.996088, 7.993611, 4.087072, 9.943637, 9.741986,10.869993,12.389451,18.175061, 8.156589, 4.180879,10.119157, 9.899380,10.924023,12.476999,18.304140, 8.131724, 4.156664,10.021700, 9.793794,10.864017,12.446187,18.281598, 8.102478, 4.089527, 9.837367
 8.937402,11.820821,16.467007,29.096036,26.427893,13.783576,12.935631,12.664093,15.624084,19.761632,33.049053,29.272756,15.405200,14.617862,14.334716,17.473447,21.796372,35.730261,31.876195,16.754308,15.552517,15.118930,18.059767,22.345817,36.428454,31.806485,16.533034,15.416923,14.792624,17.605940,21.700952,35.655267,31.569033,16.812105,16.008120,15.437555,18.596183,22.552645,36.712701,33.216861,17.658031,16.734404,16.052439,18.800629,22.920526,37.255306,32.899598,17.440665,16.326062,15.636384,18.556658,22.788407,37.184553,32.667139,16.826407,15.598590
20.829961,21.228225,27.837534,44.383218,36.365322,19.258800,19.102865,20.196274,20.590070,27.198136,43.582954,35.797841,18.946540,18.782311,19.865491,20.270293,26.843312,43.123052,35.396710,18.743262,18.639336,19.743420,20.196766,26.758079,43.008234,35.394462,18.770310,18.647372,19.780618,20.234722,26.822001,43.047517,35.373384,18.711435,18.538943,19.661871,20.085554,26.680444,42.919752,35.167012,18.587351,18.435255,19.555410,20.047332,26.616398,42.800546,35.181451,18.618369,18.490681,19.629070,20.096105,26.651566,42.852232,35.249554,18.714719,18.612206
30.534604,27.757817,29.440615,37.915016,33.012164,20.592354,28.539304,27.607025,25.544884,27.815025,36.375441,31.907404,19.866172,27.476010,26.584299,24.667195,26.976498,35.500382,31.087238,19.375156,26.986665,26.189669,24.437574,26.783729,35.291755,31.109173,19.453282,27.052774,26.343039,24.606036,26.992959,35.472664,31.127701,19.326390,26.713967,25.988364,24.180667,26.653236,35.143655,30.644238,19.033300,26.357369,25.669321,24.085043,26.515103,34.971696,30.717437,19.103813,26.551262,25.885589,24.207620,26.589093,35.038179,30.825193,19.334212,26.942721
33.878231,36.365921,41.120343,56.518003,45.571849,32.896826,43.320261,42.106674,42.862684,45.654668,60.745886,48.230768,34.953263,46.309518,45.054638,45.583081,48.234391,63.466279,50.587921,36.589320,47.885073,46.371308,46.416704,48.882983,64.141362,50.501629,36.309294,47.626346,45.798650,45.731227,48.062467,63.308216,50.264715,36.655552,48.631122,46.909196,47.186620,49.156976,64.462074,51.787341,37.670155,49.854229,47.931492,47.474453,49.594235,64.966984,51.491699,37.416479,49.175235,47.234912,47.109948,49.410420,64.868184,51.265335,36.655453,47.934772
13.066597,13.856118,14.858350,21.060510,26.202077, 7.677035,13.047365,12.798720,13.609008,14.663482,20.849632,25.979527, 7.605620,12.927475,12.684719,13.494374,14.559042,20.732686,25.830399, 7.561535,12.876308,12.644712,13.468555,14.536116,20.703467,25.829705, 7.567261,12.879692,12.656436,13.481082,14.550434,20.706903,25.810368, 7.550721,12.835422,12.612388,13.422795,14.505152,20.668868,25.729149, 7.523225,12.799025,12.576926,13.411214,14.489758,20.643648,25.738162, 7.530698,12.818496,12.602053,13.430851,14.501463,20.660155,25.768053, 7.553609,12.864669
14.990303,14.739611,19.173221,25.127046,24.984641,13.560633,14.677673,14.425520,14.200667,18.644406,24.584434,24.521197,13.297015,14.383742,14.142631,13.937393,18.352835,24.274586,24.195109,13.125603,14.251696,14.037506,13.874604,18.283634,24.197699,24.195865,13.149362,14.261722,14.070978,13.910142,18.339964,24.231078,24.181172,13.099769,14.163223,13.971319,13.787746,18.224263,24.137359,24.007330,12.995782,14.067801,13.879705,13.755549,18.171628,24.062081,24.022903,13.021089,14.118857,13.941800,13.795112,18.200400,24.094748,24.075745,13.102302,14.228924
 9.767004,10.894458,13.268289,17.905206,13.747509,10.416028,11.708327,10.944638,11.926584,14.074161,18.658891,14.212827,10.797267,12.173833,11.386331,12.357991,14.527369,19.131179,14.609759,11.092741,12.417959,11.581636,12.493531,14.640463,19.246217,14.590912,11.040047,12.373216,11.495023,12.376292,14.487732,19.088319,14.546351,11.099127,12.520978,11.648373,12.593609,14.670818,19.295090,14.806343,11.278471,12.706992,11.802068,12.645693,14.753255,19.378240,14.755496,11.236979,12.604165,11.702254,12.591616,14.720769,19.366401,14.722151,11.103081,12.420712
 3.567427, 5.471837, 7.696405,11.351460, 9.482370, 5.672965, 5.545365, 5.663207, 7.902773, 9.777519,13.418360,10.874389, 6.606218, 6.549393, 6.698126, 9.166540,11.113939,14.860127,12.173271, 7.401875, 7.121234, 7.196073, 9.570317,11.487662,15.247237,12.149899, 7.276760, 7.047669, 6.996472, 9.274990,11.075450,14.859129,12.044673, 7.442653, 7.412320, 7.406377, 9.956486,11.633900,15.397980,12.850972, 7.944717, 7.857394, 7.797800,10.095381,11.879566,15.704950,12.697320, 7.812475, 7.605090, 7.531932, 9.928247,11.797714,15.669969,12.582727, 7.453442, 7.159756
 7.072100, 7.649747,10.847128,19.425702,22.211157, 6.850665,11.357543, 9.551440, 9.823543,12.787037,21.789144,24.350854, 7.614647,12.673561,10.687242,10.883169,13.978325,23.374374,26.275007, 8.241939,13.400436,11.216313,11.219740,14.298908,23.784763,26.219503, 8.138438,13.292499,10.996151,10.956711,13.918955,23.323970,26.045235, 8.267269,13.747014,11.423494,11.512554,14.409688,23.949716,27.262429, 8.657646,14.305654,11.839018,11.633388,14.628218,24.266844,27.028539, 8.558779,13.992242,11.561427,11.496374,14.550765,24.228562,26.861106, 8.275714,13.433842
 9.015823, 9.380739,11.493265,18.051299,16.098690, 7.797713, 9.434491, 9.294998, 9.591770,11.647977,18.212336,16.206758, 7.858167, 9.514426, 9.376049, 9.665271,11.731002,18.312816,16.307646, 7.907345, 9.556962, 9.412376, 9.689000,11.751668,18.335140,16.299282, 7.896724, 9.546897, 9.393653, 9.663318,11.713316,18.280902,16.270797, 7.900476, 9.566536, 9.417113, 9.695494,11.743883,18.329855,16.339664, 7.930640, 9.604221, 9.449290, 9.710487,11.765711,18.353624,16.331579, 7.926789, 9.584572, 9.430114, 9.702378,11.758843,18.352595,16.325389, 7.905089, 9.553671
13.993511,12.076217,14.042504,22.805075,23.701101, 8.682140,12.793669,14.437607,12.295738,14.154898,22.887800,23.739286, 8.703479,12.838707,14.495109,12.332425,14.204056,22.943947,23.809017, 8.730703,12.870492,14.529485,12.354256,14.215258,22.953627,23.791997, 8.721449,12.853382,14.502699,12.320088,14.172871,22.878832,23.740936, 8.718058,12.858596,14.515982,12.340482,14.191999,22.937211,23.815069, 8.733384,12.888027,14.538837,12.347140,14.202709,22.932830,23.791341, 8.732560,12.871585,14.527051,12.347056,14.201899,22.946090,23.802645, 8.721661,12.855358
12.610760,12.486332,14.041970,20.170798,18.095412, 9.269011,12.875051,12.435342,12.178444,13.712422,19.758233,17.754124, 9.087194,12.632251,12.209702,11.961640,13.513937,19.522571,17.531636, 8.976051,12.528639,12.131736,11.918991,13.464040,19.461190,17.522557, 8.987410,12.524853,12.146415,11.927968,13.484652,19.451537,17.492958, 8.952380,12.441138,12.067371,11.837189,13.411018,19.413207,17.399170, 8.884562,12.368387,11.992687,11.806925,13.369842,19.335987,17.392914, 8.901313,12.406124,12.043770,11.841351,13.391580,19.370210,17.438196, 8.952844,12.496938
14.149263,14.908066,16.007496,21.280840,19.894947,12.128427,15.721645,14.378892,15.063329,16.102196,21.357388,19.946591,12.164444,15.776201,14.431525,15.115839,16.147931,21.406863,19.998454,12.193306,15.800088,14.452101,15.125370,16.159804,21.419569,20.001989,12.190677,15.802347,14.445410,15.123168,16.153546,21.417881,20.000318,12.197239,15.822757,14.471988,15.156579,16.177225,21.426237,20.023111,12.216859,15.841823,14.484892,15.156987,16.181292,21.443405,20.022848,12.209362,15.832025,14.471799,15.148356,16.178922,21.436818,20.012413,12.195421,15.806179
14.968761,15.713610,18.434865,27.118052,24.460895,15.579241,17.118999,16.093259,16.637332,19.128356,27.820491,24.960338,15.925281,17.536209,16.491944,17.006828,19.510987,28.257756,25.389228,16.194306,17.755097,16.668545,17.124527,19.605679,28.362479,25.365959,16.144823,17.712076,16.587691,17.018537,19.470520,28.203957,25.309094,16.195213,17.840282,16.722892,17.203127,19.623799,28.401368,25.594089,16.357095,18.007128,16.860170,17.247881,19.693514,28.475164,25.536722,16.320524,17.914787,16.771560,17.203224,19.666802,28.467597,25.504148,16.199793,17.752900
 9.661132,10.481301,16.415490,25.105989,18.979750, 9.805483,11.538731,10.883148,11.448568,17.325619,26.034871,19.528387,10.122198,11.948925,11.278004,11.822015,17.820212,26.615269,20.007933,10.369242,12.160373,11.450689,11.935817,17.941087,26.755160,19.986625,10.325434,12.122559,11.372979,11.837489,17.778069,26.563414,19.930415,10.375502,12.254373,11.516706,12.034169,17.986188,26.818896,20.243797,10.527046,12.418035,11.649683,12.074104,18.069523,26.921999,20.182885,10.490357,12.327823,11.559719,12.025373,18.033978,26.902181,20.138351,10.375942,12.163063
14.149065,14.653700,19.753416,28.538591,26.459641,15.783603,15.894881,15.618698,15.712455,20.593035,29.324167,27.010865,16.146289,16.310475,16.036636,16.093139,21.032133,29.813644,27.502854,16.430758,16.520825,16.217739,16.205498,21.137895,29.932102,27.486214,16.382834,16.486491,16.136917,16.112462,21.003789,29.785690,27.435820,16.444770,16.624478,16.299232,16.325290,21.197862,29.996789,27.752540,16.619999,16.784356,16.429845,16.354469,21.259053,30.079631,27.686408,16.572022,16.695697,16.335804,16.303442,21.230349,30.059988,27.636899,16.438825,16.526298
 6.237463, 6.077298, 9.103301,11.698828,12.812441, 5.714411, 7.013736, 6.778900, 6.478609, 9.464838,12.012241,13.076853, 5.851766, 7.195855, 6.958661, 6.634435, 9.661782,12.207963,13.308281, 5.959096, 7.290047, 7.037374, 6.682009, 9.710411,12.254517,13.296990, 5.939568, 7.272774, 7.001499, 6.639698, 9.641896,12.184862,13.264409, 5.958844, 7.328567, 7.063970, 6.718273, 9.721959,12.269770,13.414607, 6.024196, 7.402334, 7.125673, 6.737154, 9.758317,12.307177,13.387585, 6.009467, 7.361855, 7.084772, 6.717643, 9.744016,12.301544,13.367530, 5.960754, 7.289838
 9.780881,10.362450,14.365775,20.376627,16.103913, 7.875287,10.289719, 9.903101,10.472057,14.462418,20.469627,16.160295, 7.907832,10.336343, 9.949846,10.514063,14.516978,20.530301,16.215243, 7.936201,10.363778, 9.972986,10.530613,14.531488,20.543816,16.209316, 7.929690,10.355833, 9.960136,10.511588,14.502296,20.505415,16.191774, 7.931278,10.366770, 9.972629,10.530346,14.521661,20.538761,16.232973, 7.947981,10.388695, 9.990470,10.537707,14.534748,20.547949,16.223987, 7.945219,10.376610, 9.980259,10.534500,14.532013,20.552223,16.224176, 7.933806,10.359269
16.859264,18.847921,29.945204,49.548960,36.350419,19.405877,21.149563,18.533314,20.116496,31.093922,50.760973,37.010001,19.797175,21.636952,18.974378,20.537460,31.689782,51.511792,37.612405,20.112591,21.895406,19.173657,20.678949,31.829645,51.685516,37.567662,20.049359,21.832904,19.072976,20.537997,31.596876,51.351480,37.457187,20.104886,21.979785,19.225973,20.762411,31.846783,51.750404,37.890536,20.294538,22.182625,19.375039,20.808290,31.945081,51.844629,37.789377,20.252898,22.070048,19.278135,20.758234,31.905260,51.841725,37.753274,20.107605,21.879798
16.476020,16.436845,17.215962,23.844120,22.570802,15.262099,15.995025,15.454042,15.632408,16.645410,23.270507,22.125766,14.945877,15.642455,15.116139,15.313659,16.349950,22.944041,21.795470,14.734377,15.483952,14.989061,15.235669,16.282642,22.865326,21.800740,14.766415,15.500988,15.035365,15.287748,16.349286,22.921682,21.802531,14.708818,15.385085,14.913623,15.131833,16.227169,22.805609,21.614623,14.579393,15.264832,14.805118,15.094378,16.176223,22.732053,21.635189,14.609566,15.328653,14.879593,15.142402,16.205048,22.765055,21.686181,14.712354,15.462499
10.539238,10.091574,11.965824,20.807676,20.075797, 5.223731, 9.906364,10.331386, 9.832980,11.706357,20.441580,19.762185, 5.130523, 9.740936,10.164948, 9.683251,11.555531,20.233055,19.550005, 5.070739, 9.664887,10.102354, 9.645392,11.518957,20.180856,19.552374, 5.079361, 9.672098,10.122143, 9.668043,11.549671,20.204453,19.539750, 5.061849, 9.617006,10.067043, 9.602017,11.492642,20.139521,19.424068, 5.026081, 9.563595,10.010869, 9.581388,11.463210,20.091451,19.436105, 5.034324, 9.592490,10.046908, 9.603192,11.478390,20.110922,19.468144, 5.062097, 9.652741
11.747816,11.014985,12.980137,16.157301,21.995410, 7.660634,10.968305,11.120209,10.500565,12.546636,15.750355,21.535724, 7.484067,10.711896,10.865329,10.272960,12.316105,15.519860,21.209539, 7.369223,10.597824,10.770975,10.218424,12.263117,15.463050,21.210920, 7.385234,10.607577,10.802266,10.250192,12.306460,15.487690,21.194133, 7.350017,10.519728,10.708819,10.138497,12.210895,15.412376,21.014868, 7.280078,10.437876,10.629526,10.114616,12.174183,15.361631,21.036191, 7.298218,10.481956,10.684814,10.149567,12.196553,15.386424,21.089963, 7.353967,10.578768
18.139557,20.764539,29.872962,44.735404,26.412906,14.074037,17.109107,16.009628,18.730608,27.831814,42.456735,25.280171,13.433228,16.293491,15.253302,17.913762,26.788750,41.189802,24.467534,13.015660,15.932304,14.973975,17.714414,26.553491,40.889641,24.484951,13.080711,15.974730,15.077385,17.851823,26.790819,41.107963,24.485162,12.966569,15.712935,14.813606,17.461037,26.366411,40.656712,24.022294,12.714443,15.445019,14.576706,17.366109,26.188201,40.381646,24.076179,12.773225,15.588438,14.738540,17.486669,26.290848,40.505729,24.200069,12.974417,15.888556
12.120154,11.896711,15.609991,17.266356, 8.731059, 7.348811,14.356388,15.055740,14.027186,17.302092,18.535679, 9.251925, 7.826480,15.334000,16.094735,14.897969,18.266182,19.352555, 9.720839, 8.212368,15.860666,16.567690,15.179568,18.508614,19.550435, 9.694784, 8.140028,15.756165,16.347929,14.923162,18.156232,19.239316, 9.625140, 8.209695,16.065372,16.714457,15.371455,18.551286,19.616332, 9.941618, 8.447512,16.485540,17.092488,15.483920,18.735324,19.762824, 9.880382, 8.395443,16.253860,16.847219,15.374215,18.665159,19.746540, 9.843744, 8.218162,15.855000
11.317618,10.753608,12.701392,15.560151,10.134458, 7.286095,10.754698,10.593817,10.115136,12.145154,15.035342, 9.834442, 7.058397,10.417809,10.267598, 9.820454,11.845593,14.737618, 9.621613, 6.910260,10.267839,10.147101, 9.750921,11.775329,14.664836, 9.622742, 6.931308,10.279982,10.186918, 9.791880,11.835381,14.701051, 9.616297, 6.889645,10.168863,10.071925, 9.654008,11.715610,14.609362, 9.502212, 6.799731,10.059225, 9.967784, 9.618648,11.662153,14.536897, 9.512292, 6.821475,10.117782,10.039144, 9.662802,11.691725,14.568389, 9.546763, 6.891912,10.243679
11.787618,13.285423,18.615525,30.647581,23.609917,12.443735,12.370483,14.209906,15.510056,20.632338,32.967797,25.055469,13.274434,13.271540,15.242899,16.532853,21.816974,34.465232,26.302215,13.928648,13.750563,15.706058,16.847096,22.124805,34.845402,26.265908,13.821597,13.679509,15.514985,16.602546,21.762025,34.429411,26.166872,13.961589,13.982532,15.893571,17.128287,22.246232,35.019380,26.946551,14.362792,14.343227,16.254949,17.241742,22.455927,35.310141,26.798913,14.261629,14.142032,16.013579,17.109423,22.375458,35.262837,26.683362,13.966543,13.774576
 8.656970, 9.113176,10.870680,16.094287,17.844343, 7.071353, 9.882332,10.504593,10.571192,11.943852,17.158807,18.758371, 7.487658,10.504258,11.170941,11.175928,12.552245,17.838576,19.563395, 7.817804,10.833528,11.469218,11.365441,12.704667,18.004973,19.526720, 7.758942,10.774149,11.335966,11.202025,12.499256,17.776087,19.431450, 7.824683,10.976156,11.576612,11.516600,12.751352,18.074852,19.960871, 8.027837,11.232591,11.811085,11.587229,12.860357,18.197799,19.857832, 7.979952,11.090653,11.655675,11.509019,12.816512,18.178402,19.787335, 7.827943,10.837524
 8.343395,10.517202,11.080110,18.159664,18.105620, 7.983246, 9.887949, 8.700708,10.796076,11.237680,18.310899,18.208912, 8.037385, 9.966138, 8.773485,10.873662,11.314089,18.404518,18.312581, 8.083136,10.007362, 8.806573,10.899354,11.331864,18.425776,18.304928, 8.073802, 9.997362, 8.789131,10.872466,11.299679,18.377864,18.278618, 8.079704,10.019397, 8.814764,10.914742,11.332366,18.429182,18.353144, 8.107752,10.053981, 8.839484,10.923836,11.345667,18.443279,18.337994, 8.102092,10.035555, 8.823274,10.914852,11.340975,18.442943,18.332049, 8.081094,10.004430
22.447755,21.795269,25.333624,32.030780,32.156645,23.850669,23.650915,23.348424,22.514167,25.892141,32.534740,32.563335,24.171873,23.998149,23.694241,22.821535,26.200362,32.846474,32.902212,24.412775,24.170875,23.839725,22.906844,26.278004,32.923372,32.895662,24.375022,24.149708,23.781567,22.843682,26.191494,32.847787,32.871595,24.426451,24.262356,23.907758,22.999018,26.318203,32.959099,33.071368,24.574216,24.392106,24.020857,23.031618,26.371479,33.028224,33.041122,24.536178,24.321372,23.942520,22.990630,26.349199,33.011525,33.002416,24.427071,24.183250
16.892865,17.572368,18.757202,24.635953,22.567716,12.757200,17.496259,16.945851,17.548529,18.698676,24.551517,22.487095,12.713730,17.443366,16.900135,17.497184,18.660040,24.507957,22.449139,12.694300,17.426985,16.890200,17.493459,18.651040,24.494684,22.441414,12.693130,17.418934,16.884539,17.480668,18.636985,24.463195,22.413656,12.678760,17.393637,16.863087,17.457023,18.620282,24.469439,22.409377,12.666190,17.386013,16.851042,17.453376,18.615885,24.451549,22.403157,12.671438,17.389820,16.861571,17.465097,18.622168,24.466287,22.419748,12.682512,17.410393
18.244598,17.103861,18.427539,26.280745,26.133856,13.188163,17.842792,17.076713,16.106299,17.642316,25.432955,25.423767,12.807182,17.310471,16.572997,15.662045,17.220568,24.948106,24.909692,12.552972,17.065420,16.379859,15.548065,17.121431,24.830542,24.919471,12.591705,17.093900,16.449929,15.625535,17.219671,24.914531,24.918552,12.524111,16.922195,16.277244,15.417001,17.052822,24.746845,24.626154,12.372365,16.745636,16.116569,15.365021,16.979228,24.643520,24.665064,12.408700,16.841578,16.224273,15.427724,17.017710,24.683241,24.736007,12.527037,17.037530
18.707813,16.726106,21.585712,30.662388,29.402597,12.794518,16.923972,18.733674,16.597875,21.382624,30.387136,29.149496,12.682620,16.784465,18.589302,16.471292,21.252104,30.232902,28.997518,12.617480,16.725011,18.540528,16.445559,21.219272,30.191455,28.990783,12.623688,16.722929,18.547492,16.449472,21.227405,30.173854,28.956293,12.598980,16.671637,18.497257,16.396916,21.179353,30.148709,28.892024,12.559417,16.633142,18.448937,16.379328,21.153207,30.102419,28.889927,12.569792,16.653520,18.480904,16.400212,21.168443,30.125889,28.922735,12.600543,16.704692
11.734794,10.651600,12.971410,15.812711,13.500111, 5.983943,12.078068,10.488640, 9.664783,12.119843,15.031179,12.936858, 5.705602,11.528958,10.013443, 9.252946,11.678698,14.595593,12.535335, 5.524927,11.286160, 9.838614, 9.153697,11.578370,14.491851,12.542725, 5.552664,11.312658, 9.901694, 9.220048,11.676384,14.562099,12.540225, 5.503085,11.135686, 9.736224, 9.025025,11.497966,14.412006,12.314779, 5.393578,10.955136, 9.585663, 8.975422,11.420382,14.313298,12.338352, 5.418970,11.051457, 9.688220, 9.036734,11.464577,14.357598,12.401202, 5.505994,11.254282
13.931669,16.566227,16.463937,23.652421,28.420439,11.562458,14.857559,14.203760,16.701530,16.489632,23.630866,28.363355,11.544513,14.847338,14.201157,16.688904,16.489911,23.626139,28.366008,11.546533,14.851762,14.209359,16.697321,16.489593,23.621272,28.351942,11.541079,14.839746,14.194915,16.671425,16.461287,23.568732,28.300818,11.529749,14.827372,14.190097,16.670148,16.462036,23.596753,28.332620,11.530270,14.837090,14.191310,16.669796,16.463288,23.584381,28.316521,11.532633,14.831458,14.192102,16.676882,16.466900,23.598815,28.335000,11.533514,14.834892
14.882982,15.114596,18.342895,24.451583,23.178639,14.679585,14.221839,13.669309,14.022915,17.390556,23.491949,22.414334,14.170588,13.701473,13.174467,13.550016,16.886756,22.947860,21.861390,13.833644,13.465806,12.987710,13.432392,16.769033,22.816410,21.870440,13.884568,13.491187,13.054811,13.510785,16.883827,22.907125,21.870011,13.795164,13.323683,12.883528,13.288047,16.682739,22.722527,21.560067,13.592253,13.151077,12.725915,13.231714,16.593707,22.600300,21.595455,13.640223,13.243666,12.832438,13.299798,16.640949,22.649475,21.676199,13.798644,13.436029
11.591335,12.117796,15.190406,20.873052,18.190133,10.568996,11.833712,11.058270,11.640976,14.770820,20.442711,17.874418,10.374197,11.605840,10.847298,11.434014,14.546523,20.196323,17.645062,10.244477,11.501868,10.767073,11.382166,14.494307,20.135951,17.648043,10.263565,11.512679,10.795216,11.415494,14.543102,20.173766,17.644479,10.227267,11.437169,10.720531,11.316316,14.452536,20.089350,17.515350,10.149022,11.361389,10.652978,11.292493,14.414188,20.035713,17.531383,10.167949,11.402253,10.698775,11.322876,14.435269,20.058605,17.565329,10.229558,11.487547
22.063106,22.551333,25.034367,33.172950,19.145975,15.837617,23.608227,22.791759,22.941826,25.203736,33.249454,19.151712,15.854572,23.662727,22.856162,22.979468,25.267663,33.301883,19.189647,15.888949,23.710374,22.902415,23.019571,25.278453,33.306887,19.171273,15.872030,23.670757,22.856986,22.946877,25.201364,33.188048,19.128160,15.865572,23.673353,22.869366,22.978971,25.230886,33.288867,19.191567,15.883991,23.716681,22.894320,22.983191,25.238828,33.255838,19.162997,15.883661,23.690838,22.883981,22.987365,25.239791,33.282598,19.177890,15.868643,23.672524
13.039166,14.644579,19.530930,27.988762,26.629292, 7.861801,14.393868,13.449658,14.901847,19.689439,28.101631,26.687179, 7.885388,14.449982,13.508457,14.959021,19.757997,28.178104,26.773779, 7.909956,14.478727,13.535582,14.973964,19.775620,28.195446,26.771925, 7.905567,14.475202,13.521048,14.959089,19.746670,28.156179,26.740257, 7.905880,14.490291,13.547267,14.995701,19.780488,28.187389,26.792518, 7.922300,14.518631,13.565015,14.999432,19.791272,28.210670,26.788027, 7.918162,14.504329,13.549959,14.992430,19.788955,28.208199,26.780072, 7.907021,14.477715
 6.751674, 6.287799, 6.926814, 9.396943, 7.926387, 6.273535, 7.212369, 5.945017, 5.635925, 6.417323, 8.886701, 7.559878, 5.967825, 6.849281, 5.642947, 5.365551, 6.154922, 8.604028, 7.300920, 5.771447, 6.690755, 5.533293, 5.302014, 6.095705, 8.536669, 7.304801, 5.801026, 6.706700, 5.571877, 5.342904, 6.151347, 8.578209, 7.300824, 5.745850, 6.589148, 5.466052, 5.215078, 6.044960, 8.483067, 7.157579, 5.626643, 6.471010, 5.370803, 5.182589, 5.999006, 8.417554, 7.171163, 5.654300, 6.533808, 5.436073, 5.223456, 6.025877, 8.448260, 7.213370, 5.749553, 6.667867
22.416230,18.797547,32.612922,44.614213,38.877225,12.823372,20.184999,20.831680,17.639571,31.219356,43.196154,37.851250,12.455243,19.583668,20.216065,17.154332,30.480421,42.377327,37.082873,12.201969,19.299173,19.971967,17.022097,30.305129,42.178926,37.103214,12.241957,19.338063,20.066459,17.119513,30.496345,42.355720,37.124719,12.178991,19.147433,19.856800,16.887742,30.203471,42.049898,36.670642,12.029038,18.943688,19.661928,16.833789,30.078627,41.892052,36.743867,12.065227,19.054984,19.791350,16.898522,30.139033,41.942786,36.834814,12.180707,19.275244
 7.745789, 9.410901,11.948718,20.500397,20.361353,11.172407,10.694372,10.196387,11.543298,13.584257,22.350506,21.790455,12.036513,11.617651,11.092787,12.458730,14.524725,23.553284,23.066220,12.727687,12.104189,11.493664,12.733847,14.764301,23.856939,23.031744,12.614641,12.033262,11.324922,12.519648,14.481522,23.523678,22.923616,12.766735,12.352775,11.674230,13.018600,14.886613,24.009820,23.728841,13.198618,12.729471,11.983242,13.108754,15.041030,24.244151,23.576283,13.085600,12.520138,11.768183,12.983038,14.975458,24.193226,23.444960,12.763038,12.129934
15.216286,16.430426,19.540242,27.503163,29.348122, 9.345473,15.875413,15.595962,16.669272,19.678118,27.604100,29.410897, 9.371645,15.931786,15.656277,16.724259,19.739938,27.669683,29.490751, 9.396859,15.961784,15.684468,16.742309,19.753883,27.683128,29.483508, 9.391069,15.953335,15.667319,16.720552,19.723854,27.641693,29.454297, 9.392744,15.968499,15.691044,16.755093,19.753492,27.680805,29.514971, 9.408871,15.995874,15.709917,16.759248,19.762447,27.690875,29.501811, 9.405129,15.981066,15.695659,16.752715,19.759097,27.691217,29.497364, 9.393027,15.956337
13.279919,13.288346,15.798638,22.252398,22.313978, 6.524712,13.871100,13.022296,13.027578,15.553638,21.976331,22.070431, 6.446216,13.712965,12.878491,12.888563,15.417151,21.821384,21.909643, 6.398285,13.646453,12.829028,12.859900,15.385818,21.781925,21.905401, 6.403678,13.647112,12.840820,12.869313,15.400169,21.777823,21.881245, 6.386119,13.589099,12.785766,12.802324,15.343207,21.739504,21.803309, 6.356304,13.542367,12.740936,12.787349,15.321179,21.698586,21.806855, 6.364529,13.567138,12.773114,12.811065,15.336527,21.722200,21.841063, 6.388691,13.628075
 4.358616, 5.097213, 6.855891,11.756705, 8.741798, 4.266418, 6.832689, 6.281159, 7.089838, 8.585281,13.791224,10.002413, 4.978980, 7.978192, 7.355248, 8.186255, 9.713893,15.208727,11.156355, 5.581362, 8.632700, 7.872038, 8.535207,10.037289,15.594738,11.142776, 5.490216, 8.557521, 7.673901, 8.291566, 9.697358,15.238020,11.060461, 5.613108, 8.967508, 8.085701, 8.857377,10.150345,15.728817,11.752547, 5.988496, 9.466352, 8.493882, 8.985373,10.368312,16.046846,11.628152, 5.890755, 9.183599, 8.221752, 8.846533,10.302998,16.018429,11.530876, 5.627400, 8.686196
18.346371,20.804139,30.787701,47.423983,36.655720,17.483580,21.876761,17.227626,19.647078,29.536782,45.946075,35.682926,16.995240,21.244099,16.731810,19.120916,28.863340,45.104747,34.986299,16.673705,20.957708,16.545255,18.991297,28.705013,44.899421,34.994504,16.720933,20.985775,16.609772,19.073464,28.850362,45.021984,34.982117,16.632511,20.778655,16.436938,18.826257,28.581877,44.746366,34.597057,16.438463,20.570616,16.278257,18.763550,28.462762,44.553941,34.639400,16.485179,20.682376,16.385631,18.840398,28.526809,44.633542,34.744526,16.636723,20.917471
17.480380,16.776199,17.708044,23.140386,23.639282,16.960628,19.031606,15.882651,15.379757,16.618716,22.046677,22.694286,16.257069,18.212174,15.203995,14.761098,16.043419,21.434380,22.026995,15.802680,17.850306,14.955232,14.615205,15.909946,21.286635,22.033896,15.869273,17.882823,15.039818,14.705486,16.031027,21.371996,22.022752,15.745286,17.619103,14.805500,14.419950,15.803049,21.177872,21.662256,15.470780,17.352149,14.589017,14.342974,15.698187,21.029582,21.692831,15.534300,17.493987,14.735926,14.434507,15.755543,21.093437,21.799011,15.749871,17.795576
 9.661132,10.481301,16.415490,25.105989,18.979750, 9.805483,11.538731,10.883148,11.448568,17.325619,26.034871,19.528387,10.122198,11.948925,11.278004,11.822015,17.820212,26.615269,20.007933,10.369242,12.160373,11.450689,11.935817,17.941087,26.755160,19.986625,10.325434,12.122559,11.372979,11.837489,17.778069,26.563414,19.930415,10.375502,12.254373,11.516706,12.034169,17.986188,26.818896,20.243797,10.527046,12.418035,11.649683,12.074104,18.069523,26.921999,20.182885,10.490357,12.327823,11.559719,12.025373,18.033978,26.902181,20.138351,10.375942,12.163063
