29.237713,37.231995,45.741861,63.532251,47.726823,29.225301,29.672888,26.407766,34.189439,43.111820,60.768003,45.907977,28.093621,28.398740,25.247765,32.869416,41.660777,59.105000,44.656761,27.337668,27.776807,24.847727,32.516365,41.189515,58.698144,44.716670,27.443096,27.913492,25.007993,32.762060,41.516005,59.019114,44.665997,27.234481,27.519870,24.642121,32.165147,40.913585,58.245035,43.876347,26.826872,27.103581,24.304831,32.029168,40.728995,58.149417,43.959626,26.890417,27.316047,24.480450,32.179922,40.888196,58.250998,44.236708,27.220896,27.798384
15.661016,17.325415,19.869214,27.565386,24.252995,13.325931,14.941823,15.012952,16.667461,19.280842,26.919333,23.747066,13.043188,14.604134,14.673163,16.335339,18.945973,26.540607,23.414400,12.864374,14.445202,14.562292,16.250161,18.836946,26.448696,23.431822,12.890430,14.478429,14.602973,16.302273,18.898238,26.490868,23.391045,12.830773,14.367331,14.491691,16.148939,18.760577,26.329729,23.198711,12.730961,14.251829,14.379633,16.100139,18.699794,26.281945,23.195911,12.738738,14.306704,14.439204,16.148228,18.751349,26.328215,23.289942,12.828998,14.443080
14.166144,20.855175,31.496830,42.446892,29.445755,14.538297,15.635271,14.905782,21.793050,32.504341,43.488696,30.090898,14.867680,16.027344,15.292242,22.283886,33.138488,44.180623,30.577564,15.116051,16.249202,15.446071,22.430052,33.364950,44.359336,30.553362,15.083103,16.200768,15.388166,22.329253,33.202778,44.199957,30.560911,15.142140,16.327082,15.508490,22.547907,33.456729,44.521149,30.869602,15.267593,16.458079,15.616396,22.577830,33.513533,44.519561,30.807789,15.238360,16.381820,15.560075,22.538968,33.470639,44.528798,30.731268,15.148313,16.232107
16.415478,18.192134,25.678285,37.630848,28.542899,16.671158,17.092358,15.959604,17.680361,25.046058,36.857481,28.012325,16.363904,16.766797,15.661622,17.389920,24.689895,36.432179,27.691593,16.189924,16.629498,15.577366,17.323286,24.578898,36.332827,27.711013,16.217914,16.657131,15.605719,17.357191,24.622674,36.333628,27.636018,16.142997,16.542864,15.502289,17.217506,24.473834,36.168341,27.468611,16.038117,16.425941,15.388383,17.155253,24.381942,36.073170,27.431146,16.034928,16.475494,15.451053,17.213128,24.463056,36.170539,27.556052,16.144685,16.616811
15.065676,15.390153,24.080057,39.904742,27.943108,15.793531,14.801167,15.069878,15.342093,23.942061,39.674789,27.789554,15.711914,14.729872,15.003009,15.281357,23.859867,39.561548,27.710402,15.674733,14.704562,14.989321,15.270175,23.833878,39.535891,27.715330,15.680754,14.707211,14.989487,15.268833,23.828919,39.500000,27.672996,15.656031,14.679242,14.965379,15.240351,23.799776,39.478563,27.651856,15.632818,14.653010,14.932270,15.218278,23.762701,39.425360,27.620743,15.624767,14.660991,14.950560,15.235464,23.792538,39.472099,27.665359,15.657073,14.695010
12.109638,15.111219,16.800891,26.751464,28.592577, 6.974043,13.862309,12.961431,15.943151,17.380160,27.394653,29.177439, 7.135655,14.210585,13.302233,16.307879,17.725580,27.828558,29.636181, 7.260224,14.403776,13.437185,16.417331,17.845074,27.940758,29.616298, 7.243554,14.358908,13.379504,16.332872,17.745689,27.812280,29.591744, 7.270173,14.468075,13.489250,16.502402,17.895727,28.037911,29.917013, 7.336687,14.588853,13.582422,16.522461,17.919886,28.028234,29.842922, 7.319902,14.520710,13.535483,16.493115,17.900008,28.037472,29.775333, 7.273891,14.386122
22.505281,21.651304,23.027406,31.953578,31.410904,15.202268,20.798384,19.971619,19.471104,21.265819,30.043616,29.758507,14.384477,19.610743,18.828410,18.482455,20.321521,28.965686,28.705745,13.887124,19.081175,18.473476,18.238769,20.026981,28.710380,28.761634,13.961537,19.195282,18.611277,18.394711,20.198966,28.835838,28.639614,13.792910,18.815771,18.238731,17.937862,19.804338,28.363220,28.018000,13.510495,18.419564,17.869945,17.789784,19.634397,28.225583,28.006143,13.531355,18.603807,18.066855,17.939106,19.785557,28.373545,28.317258,13.789879,19.072119
 9.785677,14.402859,15.621279,25.270636,24.904039, 7.207572,10.887095, 9.640818,14.171567,15.379123,24.937533,24.607097, 7.117051,10.753951, 9.526455,14.027708,15.242293,24.760067,24.435668, 7.069000,10.701810, 9.497337,13.997437,15.201344,24.720030,24.448036, 7.077640,10.712793, 9.507081,14.011776,15.214187,24.710147,24.396343, 7.053627,10.663691, 9.465470,13.939576,15.154978,24.642438,24.310050, 7.022738,10.613782, 9.417592,13.902670,15.113536,24.593311,24.279683, 7.020299,10.634156, 9.444962,13.937428,15.152089,24.647229,24.360031, 7.055242,10.695278
 9.364924, 9.343998,10.475457,13.481852, 8.917904, 6.296938, 8.642152, 8.894371, 8.953841,10.176477,13.197046, 8.748137, 6.171903, 8.457847, 8.700302, 8.780457,10.006079,13.019527, 8.627073, 6.084591, 8.363210, 8.629864, 8.732128, 9.948701,12.974965, 8.632086, 6.095893, 8.382984, 8.656918, 8.764573, 9.987939,13.010920, 8.628809, 6.073425, 8.326004, 8.596166, 8.687252, 9.918632,12.929335, 8.552762, 6.027679, 8.265784, 8.541106, 8.671957, 9.899163,12.922041, 8.563010, 6.035638, 8.297158, 8.568872, 8.688677, 9.914214,12.927289, 8.586079, 6.070925, 8.366236
17.387496,18.322199,21.602049,32.921528,28.922688,19.445610,18.557176,16.828574,17.796820,21.133833,32.364729,28.489026,19.153332,18.254911,16.550862,17.537062,20.865592,32.032137,28.197576,18.963539,18.108758,16.457368,17.468685,20.776791,31.950270,28.211312,18.989794,18.138433,16.491211,17.510231,20.827707,31.992123,28.180942,18.929980,18.040257,16.401320,17.391877,20.718783,31.850729,28.011458,18.826187,17.937904,16.312427,17.357020,20.673555,31.813644,28.013910,18.835828,17.987051,16.358644,17.391010,20.710163,31.846249,28.089072,18.926598,18.107156
18.492213,18.337548,23.447312,37.822456,29.878754,17.687023,17.380512,17.167880,17.201370,22.408995,36.551221,28.993317,17.152007,16.800820,16.585524,16.684205,21.825451,35.784177,28.385389,16.794830,16.515993,16.384167,16.545700,21.634078,35.595870,28.415057,16.844730,16.577738,16.462791,16.639389,21.761482,35.732673,28.381005,16.743244,16.395574,16.277932,16.405013,21.520786,35.382562,28.004464,16.550670,16.204113,16.104576,16.349009,21.441925,35.331687,28.038675,16.578796,16.301541,16.195241,16.409603,21.508991,35.382991,28.177288,16.737058,16.523988
 9.612815, 9.906666,12.615620,17.746216,16.074508, 9.050765,11.330187, 9.781292,10.054111,12.753927,17.895529,16.192914, 9.119684,11.420713, 9.859144,10.124076,12.830130,17.980354,16.267890, 9.159995,11.458493, 9.881299,10.140451,12.853162,18.000322,16.263485, 9.153193,11.449834, 9.872051,10.129993,12.840965,17.994455,16.276628, 9.169957,11.482125, 9.900712,10.166118,12.876481,18.033260,16.322408, 9.196192,11.516927, 9.930890,10.180885,12.894800,18.050576,16.328621, 9.195961,11.502023, 9.914234,10.166099,12.877335,18.030733,16.298626, 9.169319,11.460824
15.864653,14.212412,19.598154,28.847308,25.582111,12.583134,13.882737,14.976735,13.478437,18.822157,27.950015,24.877196,12.227216,13.464251,14.529442,13.120332,18.391613,27.436221,24.424583,12.009770,13.276634,14.390819,13.032240,18.256584,27.314355,24.450871,12.043846,13.318173,14.445028,13.088737,18.333858,27.368133,24.390238,11.966264,13.178617,14.294350,12.918182,18.149478,27.141011,24.121646,11.839184,13.032189,14.141372,12.859614,18.065608,27.068087,24.110371,11.847242,13.100273,14.224663,12.918987,18.142080,27.149128,24.254982,11.966456,13.273451
13.525051,14.496571,18.493590,24.935230,21.587189,11.573581,15.568523,13.206069,14.154430,18.123020,24.522991,21.264218,11.398371,15.325835,12.999987,13.959457,17.906373,24.285137,21.058292,11.290853,15.213538,12.934853,13.911307,17.836159,24.228363,21.070798,11.307320,15.236933,12.957347,13.938714,17.870804,24.243851,21.034822,11.267706,15.154092,12.888958,13.848155,17.782783,24.147144,20.922140,11.207351,15.070309,12.817427,13.816049,17.738427,24.111665,20.913987,11.210468,15.110273,12.856931,13.847706,17.777538,24.148602,20.979527,11.268001,15.210642
13.117175,16.190291,23.139550,34.875978,23.375513,11.816621,14.852133,12.463532,15.521652,22.487791,34.146353,22.945350,11.589448,14.538949,12.191916,15.226561,22.120612,33.697436,22.642560,11.434227,14.382975,12.096337,15.146197,21.999821,33.586329,22.656613,11.455745,14.417220,12.134855,15.202327,22.084398,33.676329,22.646563,11.413406,14.318764,12.047610,15.066888,21.929690,33.464078,22.452091,11.328772,14.213323,11.967104,15.036512,21.883198,33.439204,22.473784,11.342232,14.267094,12.008691,15.070082,21.922680,33.464714,22.539997,11.410151,14.388289
14.352254,19.265146,34.637911,44.606098,27.011005, 9.814612,17.122917,13.728672,18.506677,33.588047,43.527139,26.423999, 9.591500,16.722278,13.403296,18.124984,32.993745,42.899406,26.041615, 9.452106,16.536513,13.298918,18.028579,32.802260,42.748193,26.062205, 9.472778,16.575624,13.337490,18.087506,32.908408,42.813358,26.012148, 9.424975,16.443011,13.229999,17.909939,32.662011,42.545209,25.791053, 9.346245,16.305190,13.121234,17.851573,32.550712,42.461777,25.784817, 9.351778,16.370131,13.179511,17.909359,32.647089,42.546152,25.897708, 9.424035,16.533078
10.937369,11.919746,17.112495,25.253756,26.599969, 8.949833,14.589132,14.000079,14.515349,19.345071,27.538097,28.653511, 9.708278,15.975860,15.405798,15.798398,20.809840,29.209414,30.393982,10.351023,16.831744,16.022580,16.214374,21.353186,29.661041,30.323059,10.269693,16.637488,15.768881,15.899648,20.899155,29.120294,30.191838,10.390816,17.088751,16.226320,16.496083,21.527449,29.995690,31.443146,10.723287,17.587701,16.602516,16.527932,21.589894,29.890041,31.086602,10.622781,17.285571,16.417997,16.460066,21.555145,30.016763,30.911563,10.416216,16.740956
15.428156,15.955647,25.805657,37.216398,26.153029,11.831608,16.731773,15.257675,15.742913,25.460200,36.778066,25.869190,11.703624,16.553920,15.100821,15.599787,25.260673,36.542888,25.704176,11.634501,16.481283,15.059079,15.568526,25.198296,36.488521,25.714969,11.645944,16.494959,15.070963,15.581076,25.214933,36.471593,25.664014,11.612450,16.430006,15.015681,15.512058,25.133767,36.389726,25.587038,11.570327,16.365259,14.951267,15.476581,25.073673,36.324860,25.557797,11.566503,16.391553,14.987307,15.508420,25.126230,36.389699,25.629755,11.613788,16.471218
14.051190,15.032732,29.022119,43.241546,27.451449,12.652700,16.623653,16.334856,16.852474,30.966050,45.160408,28.483111,13.169862,17.426588,17.175488,17.616813,32.155768,46.551352,29.369021,13.611396,17.911765,17.540623,17.863048,32.582266,46.922607,29.336666,13.556640,17.797919,17.380168,17.662727,32.185628,46.395248,29.216285,13.626179,18.040723,17.645917,18.013483,32.705430,47.172347,29.891495,13.852816,18.315912,17.846967,18.016426,32.718190,47.030898,29.672114,13.775302,18.146407,17.751333,17.985333,32.715589,47.172067,29.609318,13.645454,17.850972
14.710425,14.762958,18.008142,22.721154,21.488451,12.660357,15.408157,14.078164,14.209762,17.523849,22.253612,21.098954,12.424468,15.095794,13.785262,13.947548,17.243675,21.964714,20.825475,12.262181,14.936364,13.680090,13.875281,17.149366,21.892728,20.838361,12.284109,14.970226,13.719985,13.923381,17.212089,21.946417,20.825142,12.240135,14.872016,13.628110,13.806138,17.098768,21.816240,20.657000,12.154801,14.769288,13.542559,13.780737,17.063604,21.801021,20.676200,12.168669,14.822960,13.586819,13.808259,17.091853,21.813808,20.732683,12.236549,14.941925
 4.404646, 5.398159, 7.755742,12.529594,11.087954, 6.857798, 7.154190, 6.722586, 7.565007, 9.622532,14.610919,12.696325, 7.918092, 8.425339, 7.992330, 8.806812,10.962150,16.217562,14.118300, 8.864617, 9.268290, 8.585788, 9.230438,11.490058,16.668197,14.061799, 8.748632, 9.083554, 8.356056, 8.927595,11.074816,16.171672,13.983056, 8.929591, 9.524242, 8.779765, 9.510434,11.640359,16.982676,14.979687, 9.413823,10.004758, 9.136145, 9.533794,11.700583,16.883151,14.688676, 9.265419, 9.706406, 8.963258, 9.481407,11.681202,17.034743,14.562435, 8.970637, 9.182480
14.519687,13.257347,20.985347,25.437032,22.498731,12.439654,14.497201,14.043790,12.843394,20.467700,24.929962,22.097263,12.214508,14.220861,13.776154,12.625100,20.170154,24.634345,21.836162,12.073735,14.091542,13.689792,12.569743,20.073151,24.562829,21.850288,12.094426,14.118226,13.720520,12.602350,20.124569,24.589939,21.812935,12.045648,14.026113,13.632497,12.501526,20.003187,24.467294,21.665838,11.966984,13.931263,13.542376,12.467790,19.946115,24.426449,21.659845,11.972018,13.976048,13.590705,12.500636,19.994639,24.466040,21.736811,12.044681,14.088683
 6.352355, 8.352285,10.390492,15.711164,13.374484, 4.582918, 7.334766, 6.485167, 8.469929,10.455230,15.761219,13.406508, 4.597691, 7.366031, 6.517328, 8.505632,10.492724,15.805284,13.444919, 4.614713, 7.388734, 6.534305, 8.519504,10.506984,15.818031,13.444286, 4.612946, 7.382785, 6.525768, 8.505665,10.487751,15.786437,13.426567, 4.612498, 7.389854, 6.534537, 8.520960,10.504605,15.817348,13.463415, 4.620285, 7.399273, 6.538072, 8.515386,10.497613,15.801731,13.443180, 4.615331, 7.391776, 6.537249, 8.518345,10.504362,15.817931,13.450346, 4.613850, 7.382940
21.490964,22.317720,29.162790,41.592818,36.296617,17.898143,23.589533,21.007850,21.752572,28.452670,40.716738,35.601156,17.560665,23.143671,20.621263,21.398059,28.048482,40.243502,35.191880,17.375591,22.959087,20.515634,21.318626,27.921391,40.133116,35.216152,17.404879,22.993082,20.546493,21.351930,27.959290,40.109792,35.101487,17.319824,22.834686,20.412749,21.183824,27.796577,39.943739,34.906941,17.209002,22.675404,20.259664,21.100803,27.681035,39.820198,34.841828,17.200306,22.739708,20.343445,21.174237,27.779415,39.938888,35.009177,17.321542,22.934647
17.188908,17.710108,22.345006,31.985415,25.030146,16.280573,17.723738,15.721069,16.414588,21.191323,30.736858,24.168430,15.707728,17.036391,15.095152,15.836451,20.544965,29.979037,23.571765,15.321018,16.695403,14.876001,15.680182,20.332507,29.792619,23.600295,15.374308,16.769601,14.962164,15.787580,20.478331,29.938505,23.575482,15.269020,16.556853,14.766044,15.528105,20.213201,29.589923,23.202533,15.063251,16.333197,14.585248,15.471044,20.132862,29.549821,23.244617,15.096543,16.448923,14.679316,15.534390,20.200703,29.589743,23.372113,15.261712,16.708295
16.494259,16.634637,18.149894,23.892558,28.568413,13.321141,17.562092,15.556985,15.814888,17.504707,23.245046,27.894422,12.995723,17.097942,15.135968,15.435714,17.138777,22.851829,27.429197,12.777150,16.867915,14.989260,15.333443,17.017750,22.754779,27.451250,12.807267,16.916977,15.045692,15.401456,17.097035,22.823567,27.424309,12.745290,16.770580,14.911949,15.229949,16.946926,22.645856,27.138126,12.627804,16.616554,14.785922,15.188670,16.896809,22.618775,27.163246,12.644585,16.694582,14.851329,15.232414,16.938251,22.644067,27.268093,12.740941,16.873294
 5.040667, 5.179795, 6.134721, 9.027520, 9.396559, 6.319549, 5.477832, 4.895621, 5.036555, 5.997787, 8.869405, 9.250274, 6.218893, 5.383607, 4.810358, 4.959193, 5.918951, 8.777856, 9.156049, 6.156829, 5.340037, 4.783293, 4.939768, 5.893265, 8.755729, 9.161125, 6.165992, 5.348867, 4.792705, 4.950783, 5.906104, 8.762464, 9.146055, 6.143666, 5.317127, 4.764424, 4.914882, 5.873987, 8.725349, 9.094061, 6.108629, 5.284451, 4.734933, 4.902047, 5.857796, 8.711020, 9.090105, 6.110138, 5.299493, 4.750724, 4.914231, 5.871429, 8.724596, 9.119175, 6.143271, 5.338426
 5.003912, 5.798534,10.636186,14.397339,11.828894, 6.234466, 7.698363, 7.398581, 7.946421,12.936782,16.581830,13.399403, 7.135207, 8.953213, 8.676801, 9.146966,14.563735,18.255464,14.780682, 7.933810, 9.776255, 9.268768, 9.553454,15.198068,18.721674,14.724943, 7.834887, 9.593781, 9.035932, 9.258088,14.689971,18.194208,14.639355, 7.986076,10.023659, 9.460578, 9.821082,15.380128,19.048338,15.615893, 8.395802,10.494783, 9.815915, 9.843946,15.450477,18.940765,15.329820, 8.269574,10.202977, 9.643041, 9.791260,15.425406,19.095282,15.205757, 8.020078, 9.689773
15.518145,17.758828,26.552987,41.310372,31.148376,19.942366,18.288938,15.563561,17.829181,26.660759,41.459523,31.253876,20.009005,18.352498,15.617853,17.883903,26.732726,41.550646,31.324583,20.054284,18.386639,15.637790,17.898694,26.757901,41.572914,31.318821,20.047074,18.378789,15.631190,17.889478,26.743527,41.562680,31.329959,20.061732,18.401226,15.648210,17.913980,26.771009,41.600781,31.368745,20.084439,18.422191,15.665376,17.919516,26.781323,41.604593,31.364871,20.080278,18.409288,15.654895,17.912458,26.771116,41.597808,31.347122,20.061031,18.384048
 8.911859,10.329284,17.879167,28.477621,20.861739, 9.372836,10.634228, 9.320232,10.681539,18.212195,28.821493,21.073626, 9.479056,10.778999, 9.457273,10.818382,18.408235,29.067656,21.255301, 9.569218,10.864880, 9.515987,10.862045,18.476903,29.132481,21.248284, 9.557770,10.843937, 9.489190,10.824749,18.408893,29.032009,21.218615, 9.570790,10.885947, 9.531426,10.886915,18.495048,29.173448,21.360506, 9.616805,10.933936, 9.562307,10.886252,18.494428,29.144008,21.312084, 9.600130,10.903866, 9.547498,10.881037,18.495166,29.171088,21.301002, 9.574459,10.852351
15.211027,20.150094,18.488718,30.051983,21.934129, 9.162412,14.747312,14.290067,19.130032,17.826963,29.250132,21.417705, 8.933244,14.352850,13.898468,18.672794,17.452250,28.756531,21.054438, 8.775977,14.153928,13.759022,18.547162,17.327505,28.633756,21.070731, 8.797137,14.196492,13.813414,18.632661,17.412983,28.730901,21.057958, 8.755196,14.073920,13.690164,18.427099,17.259231,28.503717,20.829902, 8.671606,13.944134,13.576769,18.382935,17.213335,28.478443,20.856841, 8.685266,14.011035,13.634823,18.431054,17.250451,28.500365,20.931469, 8.751436,14.160658
16.042825,17.052495,23.030892,30.470906,27.672033,12.874185,16.470967,15.155063,16.184221,22.114101,29.503696,26.891552,12.502797,15.971728,14.695966,15.751875,21.603491,28.951754,26.394117,12.277269,15.747909,14.554125,15.645995,21.442457,28.820743,26.422057,12.311793,15.795560,14.607220,15.710427,21.528958,28.869505,26.348877,12.230320,15.629245,14.453628,15.506985,21.314519,28.633405,26.062460,12.100120,15.456410,14.296543,15.435484,21.212621,28.551226,26.045388,12.106940,15.536020,14.381618,15.506289,21.303359,28.638648,26.204165,12.230048,15.741128
14.063470,14.011535,23.982334,36.067097,24.767084,11.042209,15.067134,13.888265,13.807267,23.653117,35.640889,24.497410,10.920974,14.901258,13.737576,13.674167,23.457619,35.400127,24.330615,10.849378,14.826120,13.691699,13.641998,23.393408,35.342556,24.340555,10.860239,14.840471,13.705492,13.657283,23.418060,35.343356,24.302109,10.831333,14.782598,13.655350,13.596043,23.341622,35.256235,24.219747,10.791058,14.724848,13.599684,13.570198,23.293909,35.207567,24.203674,10.790558,14.750607,13.630105,13.593548,23.333612,35.252538,24.261476,10.831437,14.820811
28.063662,29.539343,37.415340,61.296819,46.938415,27.118336,29.130601,27.184526,28.725815,36.656168,60.335001,46.287866,26.739920,28.688241,26.765631,28.334153,36.221255,59.753265,45.842979,26.489244,28.471103,26.621789,28.229428,36.076930,59.609475,45.863883,26.523895,28.516322,26.675595,28.296076,36.165503,59.696864,45.827715,26.448646,28.373916,26.540499,28.117404,35.987224,59.441515,45.560905,26.312035,28.224223,26.409553,28.069066,35.919891,59.387417,45.573980,26.327798,28.297720,26.477437,28.117732,35.974674,59.435424,45.682180,26.443811,28.472249
10.725272,14.168371,19.915697,28.928807,19.928630, 6.662577,12.803447,11.359317,14.784856,20.390692,29.374335,20.187494, 6.763027,13.025392,11.573231,15.026390,20.675767,29.702499,20.416909, 6.851929,13.162941,11.668858,15.105974,20.778239,29.790273,20.408676, 6.841185,13.129937,11.626032,15.038289,20.675349,29.648472,20.365823, 6.852035,13.192810,11.690070,15.145206,20.797543,29.837007,20.545413, 6.895652,13.264356,11.734423,15.138247,20.789791,29.787359,20.477227, 6.878072,13.217278,11.713938,15.134392,20.798580,29.836599,20.471970, 6.856245,13.141409
 8.127140, 8.237573,12.496196,14.342773,18.696704, 5.648752, 8.809792, 7.801132, 7.926714,12.132157,14.007397,18.313591, 5.521635, 8.609276, 7.621041, 7.764784,11.922706,13.810521,18.061901, 5.441007, 8.514043, 7.561841, 7.723142,11.854046,13.762701,18.075442, 5.452748, 8.533881, 7.583147, 7.748303,11.892088,13.783826,18.043232, 5.425853, 8.467718, 7.524530, 7.674032,11.806956,13.701054,17.899540, 5.381349, 8.399551, 7.465325, 7.650623,11.769152,13.676829,17.897782, 5.384962, 8.432399, 7.496991, 7.673756,11.801162,13.700214,17.968212, 5.425132, 8.513094
16.261592,15.612270,18.120498,23.009725, 7.040109, 3.081117,15.182843,16.251634,15.559258,18.013845,22.874283, 6.997741, 3.061608,15.112146,16.183240,15.500581,17.954518,22.811121, 6.977205, 3.053785,15.091039,16.172692,15.491132,17.936529,22.796970, 6.978155, 3.054992,15.091721,16.170711,15.486737,17.928520,22.769829, 6.965159, 3.048736,15.063510,16.144694,15.458434,17.907265,22.761303, 6.961087, 3.043316,15.036442,16.107309,15.432495,17.875136,22.723308, 6.950116, 3.040578,15.042243,16.127117,15.451629,17.900239,22.755583, 6.963638, 3.048902,15.077555
24.541369,27.235633,34.546441,46.371289,34.660313,18.998776,25.459105,22.455655,25.229661,32.711483,44.483374,33.415663,18.301266,24.443557,21.542565,24.324986,31.691105,43.356075,32.570473,17.842085,23.952944,21.232211,24.086136,31.360651,43.081791,32.613289,17.907673,24.060943,21.355214,24.249631,31.581665,43.279641,32.562797,17.774491,23.742171,21.064599,23.837868,31.157874,42.762749,32.038057,17.524538,23.406801,20.790926,23.735706,31.015921,42.682068,32.080820,17.559623,23.576173,20.935261,23.846717,31.139983,42.768880,32.281924,17.768091,23.966933
16.085127,16.574354,20.981299,28.450779,26.064613,13.949119,16.171322,15.141733,15.782488,20.329761,27.813476,25.561036,13.666984,15.802354,14.782644,15.451415,19.962057,27.407263,25.189503,13.463244,15.609376,14.648809,15.356908,19.838426,27.304782,25.204307,13.489582,15.651412,14.703380,15.425241,19.932725,27.406555,25.211999,13.442701,15.540335,14.591814,15.277258,19.780046,27.209033,24.964819,13.335929,15.419795,14.494705,15.253667,19.746573,27.204433,25.009586,13.358320,15.484106,14.542809,15.281910,19.772128,27.205668,25.070700,13.436042,15.620416
14.600937,14.554080,18.108381,24.619326,23.491332,13.857228,15.430330,13.994769,14.009027,17.596879,24.075664,23.032044,13.581732,15.100435,13.691352,13.739773,17.303994,23.751307,22.723524,13.402518,14.940838,13.589043,13.669084,17.207617,23.671942,22.739206,13.427996,14.974408,13.627025,13.713661,17.265146,23.716022,22.708869,13.371985,14.867366,13.529004,13.590630,17.145345,23.575134,22.526657,13.273968,14.756014,13.432821,13.555695,17.097809,23.542494,22.532404,13.284435,14.810750,13.483631,13.591126,17.137770,23.573747,22.611864,13.369557,14.941438
13.630056,16.273782,23.779344,33.941128,25.152121,11.599287,14.281732,13.233665,15.771951,23.114737,33.138460,24.610699,11.347636,13.968078,12.949205,15.475109,22.739028,32.700437,24.286955,11.206848,13.836672,12.869705,15.407591,22.621682,32.598363,24.306705,11.229515,13.862544,12.895393,15.440191,22.664517,32.592025,24.226151,11.167615,13.752239,12.797051,15.298358,22.509744,32.427508,24.062357,11.083049,13.640020,12.687166,15.232799,22.409353,32.324225,24.020046,11.079188,13.686908,12.747592,15.292726,22.496898,32.427631,24.148141,11.169016,13.823175
14.279467,15.228196,23.602818,34.885044,28.328163,13.628157,14.692673,13.503440,14.456162,22.652488,33.757672,27.511505,13.229054,14.239689,13.089963,14.066561,22.128891,33.127622,27.003420,12.994958,14.044073,12.967897,13.973982,21.966170,32.979381,27.032487,13.031790,14.085383,13.013154,14.028092,22.046471,33.016830,26.943239,12.940711,13.931957,12.872067,13.841861,21.824190,32.752920,26.657136,12.801481,13.772231,12.723933,13.769015,21.707357,32.638740,26.622524,12.803941,13.842533,12.804417,13.839297,21.811659,32.759010,26.800897,12.941424,14.033140
19.301038,19.474816,21.835762,30.364385,25.822826,12.914808,18.484835,18.591929,18.804361,21.247474,29.714128,25.327211,12.661180,18.101398,18.202022,18.454229,20.901470,29.320068,24.989732,12.491987,17.908521,18.065282,18.359760,20.784592,29.222583,25.006919,12.515313,17.948419,18.114026,18.418382,20.854507,29.278992,24.975905,12.465230,17.825288,17.991795,18.262866,20.718132,29.112321,24.780708,12.376526,17.699245,17.872746,18.223038,20.666629,29.080190,24.792868,12.387963,17.763870,17.935438,18.263591,20.707891,29.107151,24.870623,12.462376,17.912123
14.971714,16.283516,23.417900,28.725650,24.494147,13.190613,15.321631,14.215082,15.566343,22.666753,28.011341,23.956143,12.893592,14.949334,13.864539,15.228067,22.243008,27.585426,23.593318,12.700091,14.770234,13.746616,15.139179,22.104435,27.481141,23.610911,12.727341,14.807960,13.791311,15.196165,22.189255,27.543055,23.579416,12.667794,14.688181,13.677759,15.041033,22.014124,27.354642,23.361269,12.561256,14.562430,13.567574,14.997697,21.946931,27.313079,23.369793,12.572924,14.623707,13.625219,15.041775,22.003377,27.353111,23.462092,12.664678,14.770568
11.324112,11.963267,15.392509,22.241246,23.102933,11.854999,12.565543,12.619646,12.996807,16.151702,22.969360,23.735915,12.207123,13.009849,13.092738,13.425933,16.609473,23.487451,24.269136,12.501386,13.272929,13.294103,13.561998,16.771587,23.624437,24.248516,12.464110,13.210708,13.205274,13.450990,16.621543,23.432745,24.181227,12.512694,13.344812,13.354433,13.647902,16.821577,23.720803,24.584699,12.664585,13.496174,13.469050,13.652751,16.830018,23.673165,24.458744,12.614393,13.403947,13.413628,13.632285,16.824785,23.718894,24.414362,12.524598,13.240357
13.352026,11.592244,21.629610,23.171987,21.045807,10.861158,14.493040,12.745155,11.139477,21.045064,22.691223,20.662813,10.656547,14.199755,12.480851,10.932363,20.715849,22.400652,20.399781,10.520642,14.056050,12.389939,10.876655,20.606566,22.328405,20.410658,10.538643,14.085110,12.423825,10.911708,20.673641,22.373533,20.392042,10.498899,13.992192,12.339029,10.817871,20.539148,22.246026,20.233741,10.425180,13.893939,12.257913,10.793033,20.489586,22.219424,20.242297,10.433624,13.941400,12.298953,10.817481,20.528322,22.240989,20.303526,10.495394,14.055417
29.237713,37.231995,45.741861,63.532251,47.726823,29.225301,29.672888,26.407766,34.189439,43.111820,60.768003,45.907977,28.093621,28.398740,25.247765,32.869416,41.660777,59.105000,44.656761,27.337668,27.776807,24.847727,32.516365,41.189515,58.698144,44.716670,27.443096,27.913492,25.007993,32.762060,41.516005,59.019114,44.665997,27.234481,27.519870,24.642121,32.165147,40.913585,58.245035,43.876347,26.826872,27.103581,24.304831,32.029168,40.728995,58.149417,43.959626,26.890417,27.316047,24.480450,32.179922,40.888196,58.250998,44.236708,27.220896,27.798384
 7.885667, 7.955954,12.257886,22.122303,20.426928, 8.449555,10.261169,11.366492,10.775660,14.923911,25.499585,23.140590, 9.661996,11.925418,13.292443,12.393543,16.828457,28.089800,25.522769,10.736588,13.023499,14.187819,12.943282,17.577543,28.814140,25.427306,10.604794,12.783635,13.843205,12.552060,16.991942,28.024308,25.303287,10.811283,13.356803,14.480340,13.305917,17.789094,29.318172,26.957822,11.358344,13.980124,15.019257,13.339096,17.879437,29.167403,26.481482,11.192734,13.594259,14.757864,13.270483,17.849823,29.407300,26.267566,10.857757,12.912458
 2.688118, 3.329566, 6.062588,10.435977, 9.045746, 4.264475, 5.335796, 4.325619, 4.880487, 7.684067,12.347123,10.503705, 5.038203, 6.408162, 5.276305, 5.805606, 8.872898,13.840023,11.804870, 5.736880, 7.131066, 5.727068, 6.124933, 9.347581,14.261614,11.751622, 5.650758, 6.972347, 5.554114, 5.897790, 8.976392,13.801570,11.683910, 5.784484, 7.349098, 5.872196, 6.332555, 9.476137,14.549068,12.591485, 6.141152, 7.759194, 6.142081, 6.348822, 9.530409,14.456622,12.324879, 6.031177, 7.502531, 6.010854, 6.311586, 9.515015,14.603631,12.212267, 5.814689, 7.054995
18.492213,18.337548,23.447312,37.822456,29.878754,17.687023,17.380512,17.167880,17.201370,22.408995,36.551221,28.993317,17.152007,16.800820,16.585524,16.684205,21.825451,35.784177,28.385389,16.794830,16.515993,16.384167,16.545700,21.634078,35.595870,28.415057,16.844730,16.577738,16.462791,16.639389,21.761482,35.732673,28.381005,16.743244,16.395574,16.277932,16.405013,21.520786,35.382562,28.004464,16.550670,16.204113,16.104576,16.349009,21.441925,35.331687,28.038675,16.578796,16.301541,16.195241,16.409603,21.508991,35.382991,28.177288,16.737058,16.523988
11.478501,12.357953,18.016845,23.522911,21.562167,11.813111,11.711903,10.597187,11.553096,17.191827,22.704103,20.904867,11.441940,11.308047,10.224142,11.195002,16.737381,22.219172,20.462312,11.201159,11.116022,10.099638,11.101275,16.590228,22.100672,20.482285,11.234448,11.156105,10.147549,11.161856,16.681803,22.174610,20.448848,11.161582,11.028322,10.027082,10.998066,16.493161,21.957351,20.179407,11.028657,10.893109, 9.911696,10.952835,16.422788,21.911090,20.191216,11.043226,10.958033, 9.971205,10.998599,16.481392,21.955462,20.301923,11.156758,11.115174
17.270381,17.556283,35.114347,51.809585,39.183571,14.510335,16.997515,17.719134,17.900371,35.490009,52.170407,39.412628,14.604669,17.132215,17.869485,18.034333,35.716093,52.435214,39.614729,14.688368,17.215377,17.936451,18.077637,35.795253,52.504310,39.604409,14.677099,17.193639,17.904917,18.038025,35.709938,52.382615,39.564731,14.687555,17.232602,17.950395,18.098699,35.810249,52.545420,39.729922,14.729030,17.276063,17.980827,18.093208,35.799912,52.494307,39.662785,14.710580,17.245330,17.964898,18.089789,35.804811,52.533058,39.655995,14.690087,17.199304
 8.307828,10.743515,10.587462,15.399668,13.775566, 7.489412, 9.037082, 8.052647,10.436703,10.345287,15.122127,13.552456, 7.363093, 8.876587, 7.906972,10.273445,10.202773,14.955373,13.402346, 7.280210, 8.797346, 7.857009,10.230228,10.155199,14.914501,13.410550, 7.292116, 8.814087, 7.875047,10.257153,10.183179,14.936328,13.394454, 7.266242, 8.761556, 7.828479,10.183287,10.125989,14.865357,13.307561, 7.221754, 8.707704, 7.782366,10.162756,10.103062,14.849528,13.310822, 7.226854, 8.734970, 7.807091,10.183789,10.122316,14.864553,13.348804, 7.265357, 8.798511
18.043492,18.585921,20.157632,27.442538,22.824447,13.889636,14.841602,16.491737,17.263291,19.192427,26.479785,22.126731,13.448757,14.312080,15.889434,16.705559,18.652501,25.878557,21.624452,13.138208,14.040849,15.670072,16.549751,18.473238,25.728745,21.646387,13.179519,14.100551,15.759152,16.661946,18.607278,25.870325,21.647893,13.104344,13.940647,15.572574,16.413044,18.384059,25.581512,21.319277,12.941363,13.769530,15.408121,16.369811,18.330943,25.569634,21.373819,12.973990,13.860805,15.491595,16.421551,18.374354,25.580446,21.463929,13.096154,14.056194
 8.387152, 8.734620,10.738567,15.435772,14.154608, 8.511704, 8.495596, 8.145829, 8.502776,10.518833,15.188193,13.951584, 8.386454, 8.361127, 8.015160, 8.382139,10.390403,15.039158,13.814449, 8.304135, 8.294534, 7.970167, 8.349870,10.347048,15.002184,13.820890, 8.315259, 8.307754, 7.985775, 8.368903,10.371335,15.020436,13.806177, 8.289880, 8.264230, 7.944287, 8.315029,10.320716,14.959091,13.728509, 8.246112, 8.219427, 7.903106, 8.299681,10.299569,14.943342,13.730252, 8.250444, 8.241358, 7.924429, 8.314381,10.315977,14.955768,13.763621, 8.288210, 8.294118
 8.415018, 8.527449, 9.252484,14.259926,15.521327, 5.298709, 8.648735, 7.877186, 8.083183, 8.933386,13.910974,15.197488, 5.173858, 8.433278, 7.674412, 7.899823, 8.758269,13.697016,14.968626, 5.088943, 8.328126, 7.604147, 7.850209, 8.701684,13.644233,14.978684, 5.100811, 8.351648, 7.633812, 7.886095, 8.743030,13.690154,14.974920, 5.077789, 8.284372, 7.567672, 7.800470, 8.667035,13.585340,14.822708, 5.030214, 8.210731, 7.507228, 7.780844, 8.644859,13.572903,14.839461, 5.037604, 8.247326, 7.538111, 7.802586, 8.664109,13.586566,14.890863, 5.075877, 8.331373
16.899808,17.482548,18.810288,24.529274,23.500138,10.453410,15.572918,16.300782,16.911047,18.321150,24.019046,23.065879,10.254672,15.266996,15.982308,16.618732,18.044419,23.724008,22.785291,10.132095,15.126233,15.881322,16.544987,17.954404,23.652353,22.798950,10.149598,15.154039,15.916549,16.586530,17.999603,23.675596,22.756955,10.106286,15.052427,15.811214,16.451429,17.886850,23.555811,22.601198,10.037078,14.946964,15.702415,16.403454,17.830749,23.509348,22.589716,10.039834,14.994486,15.759489,16.448126,17.876798,23.551439,22.674149,10.104767,15.119639
12.917204,14.360389,21.420857,26.529920,32.711102,13.188947,15.336954,12.026090,13.510533,20.525806,25.684273,31.805159,12.807881,14.853370,11.634738,13.124354,20.023438,25.174699,31.184682,12.554731,14.617761,11.500623,13.021775,19.859944,25.050225,31.215876,12.590783,14.669560,11.553785,13.091971,19.969506,25.140681,31.179850,12.517595,14.516612,11.428371,12.915293,19.759845,24.905689,30.792389,12.379408,14.355274,11.310355,12.871931,19.690334,24.870181,30.825393,12.399135,14.436997,11.372549,12.919205,19.751021,24.908516,30.972415,12.513902,14.624474
 9.784027, 9.707764,12.341300,16.498684,20.074832, 9.034108, 8.895425, 9.042741, 9.070665,11.762963,15.911795,19.456211, 8.740617, 8.578099, 8.716981, 8.781330,11.441373,15.563138,19.038957, 8.549387, 8.426410, 8.607707, 8.705606,11.337457,15.478318,19.059859, 8.576778, 8.459388, 8.650633, 8.756304,11.404486,15.534502,19.029357, 8.519092, 8.358380, 8.545417, 8.623279,11.270027,15.375734,18.772344, 8.413501, 8.251977, 8.444964, 8.587825,11.221839,15.345874,18.787388, 8.426556, 8.304568, 8.497915, 8.625336,11.263832,15.377486,18.892304, 8.516468, 8.428581
11.453079,11.637203,13.907704,20.677102,22.549092,13.827735,14.836258,13.431101,13.236184,15.104551,21.929541,23.718782,14.578154,15.760253,14.311837,14.003739,15.862197,22.808710,24.667234,15.183882,16.305024,14.680669,14.243448,16.136195,23.041699,24.627266,15.106168,16.182602,14.530663,14.065419,15.915457,22.781859,24.579433,15.230252,16.479504,14.813974,14.418799,16.236738,23.229997,25.241225,15.544277,16.803286,15.052788,14.449631,16.281845,23.195319,25.073475,15.458172,16.612796,14.933714,14.399838,16.250832,23.238564,24.956221,15.251484,16.254293
11.564079,12.208106,15.741498,21.847439,24.829047,10.463760,13.256542,11.982516,12.530513,15.959375,22.034407,25.001250,10.546340,13.385624,12.109740,12.647413,16.086825,22.173779,25.158214,10.620888,13.465191,12.166654,12.685972,16.131650,22.210828,25.152377,10.611578,13.445032,12.139563,12.650972,16.082609,22.143923,25.116061,10.619494,13.480935,12.178046,12.703804,16.139602,22.229581,25.246646,10.656814,13.522867,12.203282,12.699071,16.133478,22.204262,25.194284,10.640699,13.494751,12.191486,12.697245,16.138314,22.226728,25.192344,10.622807,13.450869
15.978417,17.415407,25.576164,34.301906,27.082005,13.596475,16.814182,15.401482,16.851924,24.952498,33.644594,26.620852,13.359845,16.502707,15.113674,16.574528,24.598697,33.257097,26.315155,13.209168,16.355793,15.019359,16.503011,24.483552,33.162742,26.330650,13.230960,16.386547,15.054465,16.547308,24.549604,33.208867,26.295786,13.181290,16.284152,14.959699,16.418557,24.402784,33.041519,26.116352,13.096712,16.176927,14.864962,16.378238,24.339600,32.993790,26.115235,13.103609,16.227719,14.915014,16.418092,24.393125,33.040001,26.200757,13.179516,16.353795
10.446399,10.690880,12.319575,22.224149,18.797024, 8.410378,10.935602,10.677905,10.842118,12.382568,22.265679,18.817686, 8.425331,10.969552,10.717970,10.877619,12.416889,22.311792,18.856543, 8.448347,10.996127,10.740883,10.892033,12.429084,22.324995,18.855866, 8.445783,10.987806,10.727167,10.874377,12.406220,22.276792,18.825445, 8.442536,10.994077,10.738295,10.890568,12.424405,22.320306,18.874609, 8.453297,11.004138,10.739265,10.880771,12.412007,22.291352,18.842024, 8.443807,10.994159,10.739784,10.885433,12.421506,22.315778,18.855429, 8.444237,10.986160
 8.130073, 9.260856,10.943818,16.525091, 7.351665, 3.708918, 9.079067, 8.950818,10.082727,11.646805,17.330998, 7.692632, 3.900385, 9.532860, 9.413629,10.539908,12.104978,17.879089, 7.955089, 4.048206, 9.798490, 9.603627,10.679973,12.273942,18.023678, 7.943064, 4.029471, 9.742788, 9.535431,10.587692,12.157738,17.901548, 7.948604, 4.063954, 9.890702, 9.678884,10.789088,12.336740,18.145991, 8.110778, 4.137279,10.043243, 9.808753,10.815243,12.378239,18.147078, 8.078136, 4.120338, 9.954255, 9.742672,10.783674,12.351785,18.162625, 8.040567, 4.068481, 9.779599
 9.232136,12.188101,16.798154,29.684034,26.770372,13.974220,13.060400,12.760654,15.790213,19.837797,33.437945,29.697710,15.581297,14.809485,14.564743,17.732330,21.935641,36.264765,32.233097,16.981196,15.932843,15.384284,18.379701,22.740814,37.044070,32.130732,16.807134,15.683248,15.059313,17.906247,22.092350,36.157097,31.971606,17.073552,16.272073,15.653091,18.811659,22.981332,37.602023,33.762537,17.791738,16.917541,16.148820,18.854359,23.075276,37.428311,33.247217,17.573693,16.521320,15.907101,18.763187,23.035684,37.670836,33.008428,17.131913,15.816659
20.888080,21.223097,27.873721,44.391125,36.365353,19.246617,19.095156,20.193885,20.573350,27.206130,43.546085,35.748637,18.918223,18.746555,19.826776,20.242246,26.826173,43.053622,35.346919,18.713145,18.584769,19.709119,20.158722,26.703413,42.934836,35.368396,18.743431,18.618443,19.752027,20.208863,26.769861,42.982636,35.313329,18.672336,18.502346,19.630282,20.054638,26.612576,42.773990,35.082837,18.556360,18.381855,19.506448,20.003126,26.540015,42.706311,35.074279,18.563873,18.438341,19.572749,20.053686,26.602505,42.774015,35.194155,18.670896,18.580858
30.386914,27.662927,29.446540,37.896225,33.042467,20.605495,28.587055,27.674784,25.580888,27.913545,36.420385,31.918623,19.886809,27.485580,26.580919,24.682050,27.056225,35.512307,31.125469,19.391121,26.930845,26.190444,24.435504,26.774026,35.288067,31.163065,19.459092,27.054224,26.348264,24.611767,26.979717,35.486759,31.149661,19.332043,26.717376,26.007469,24.208533,26.624971,35.055732,30.638798,19.069923,26.360915,25.701847,24.131354,26.532284,35.027330,30.713764,19.119102,26.550301,25.860502,24.222859,26.612019,35.059103,30.869932,19.322151,26.961026
34.694458,36.853890,41.429456,56.915914,45.689619,32.979703,43.334027,42.080984,42.900782,45.545308,60.856004,48.394813,34.999276,46.415127,45.231448,45.735666,48.161675,63.680977,50.648312,36.675142,48.265348,46.579485,46.636194,49.112278,64.435484,50.558438,36.463104,47.845289,46.018351,45.950421,48.313928,63.528338,50.386983,36.783060,48.831181,47.039214,47.265576,49.441271,65.017615,52.011736,37.654074,49.921840,47.873864,47.347243,49.558003,64.849932,51.560346,37.396583,49.270697,47.463876,47.184677,49.483155,65.037134,51.317916,36.847713,48.078448
13.056389,13.859601,14.896839,21.117396,26.274960, 7.698198,13.082055,12.836542,13.646708,14.715148,20.913418,26.052581, 7.628738,12.962759,12.720831,13.538448,14.613372,20.797522,25.912480, 7.587578,12.911004,12.686606,13.512763,14.581747,20.770221,25.920493, 7.594098,12.921934,12.699405,13.527741,14.597226,20.776800,25.895378, 7.577814,12.880662,12.659013,13.475036,14.553176,20.727383,25.815279, 7.552893,12.837376,12.616471,13.454225,14.529967,20.705960,25.805300, 7.553278,12.856382,12.639680,13.474430,14.550932,20.729086,25.856028, 7.577996,12.907789
15.041605,14.745327,19.218013,25.155674,25.010933,13.566041,14.688241,14.441636,14.206141,18.675397,24.592536,24.514888,13.292675,14.372498,14.130712,13.934813,18.367159,24.263482,24.190247,13.120760,14.224932,14.030113,13.865848,18.267327,24.183930,24.207414,13.145942,14.255739,14.066997,13.907766,18.322650,24.218725,24.165738,13.087632,14.151348,13.964560,13.781976,18.195400,24.078381,23.978200,12.991148,14.043020,13.861276,13.741353,18.138594,24.035959,23.974205,12.998300,14.094333,13.916443,13.781538,18.187380,24.078298,24.068188,13.086188,14.222254
 9.787034,10.906212,13.264343,17.911551,13.721022,10.395011,11.666667,10.897687,11.883069,13.998496,18.605181,14.183655,10.762089,12.140631,11.364761,12.330039,14.452966,19.088874,14.558681,11.058562,12.418413,11.559883,12.469142,14.615276,19.216015,14.542458,11.020233,12.354584,11.478535,12.362255,14.478416,19.063143,14.516068,11.077561,12.502640,11.625948,12.565927,14.671156,19.315184,14.782457,11.229786,12.664565,11.746885,12.579607,14.692283,19.287577,14.709688,11.185072,12.567506,11.686438,12.552826,14.677198,19.316490,14.667544,11.087833,12.388845
 3.791192, 5.803608, 7.958711,11.700338, 9.677962, 5.802398, 5.643831, 5.746530, 8.045924, 9.852561,13.655127,11.105023, 6.723101, 6.679042, 6.854629, 9.356216,11.221102,15.165509,12.365806, 7.545539, 7.368661, 7.374283, 9.804348,11.762869,15.589431,12.314404, 7.444320, 7.217558, 7.174694, 9.485393,11.339190,15.126807,12.249151, 7.601971, 7.576905, 7.542394,10.097314,11.912130,15.881501,13.125556, 8.020438, 7.967294, 7.853685,10.121784,11.975329,15.789824,12.870145, 7.892256, 7.723868, 7.702266,10.067817,11.955856,15.934252,12.759183, 7.637302, 7.297118
 7.182369, 7.812617,11.007622,19.743865,22.442040, 6.932274,11.439111, 9.602222, 9.903858,12.814315,21.994880,24.638878, 7.688475,12.809126,10.830729,11.019129,14.045522,23.667323,26.515562, 8.337794,13.677299,11.381410,11.386723,14.513947,24.124896,26.437790, 8.256443,13.484121,11.163292,11.117901,14.138035,23.608731,26.328566, 8.381748,13.940947,11.563782,11.634264,14.656492,24.457671,27.643453, 8.713772,14.439487,11.899623,11.661870,14.715171,24.361367,27.272481, 8.614443,14.134453,11.734725,11.606747,14.687345,24.495484,27.087330, 8.407782,13.587844
 9.004484, 9.348532,11.449222,17.985039,16.030520, 7.763470, 9.390964, 9.251739, 9.545251,11.590966,18.133171,16.141471, 7.822749, 9.473685, 9.337188, 9.622592,11.671381,18.232237,16.229296, 7.868251, 9.518410, 9.370467, 9.645807,11.698660,18.257895,16.226095, 7.862275, 9.507921, 9.355531, 9.627240,11.674680,18.225912,16.218388, 7.871433, 9.533014, 9.383155, 9.663540,11.710576,18.279264,16.283161, 7.896328, 9.561796, 9.406155, 9.667964,11.715903,18.277329,16.268506, 7.890187, 9.546246, 9.395054, 9.661760,11.711723,18.279593,16.256089, 7.873124, 9.514499
14.056870,12.080338,14.065255,22.836845,23.710140, 8.681058,12.785443,14.429504,12.287368,14.151777,22.888849,23.742326, 8.699811,12.833630,14.496367,12.338232,14.201486,22.951070,23.807598, 8.731663,12.876000,14.538155,12.360746,14.221383,22.970211,23.808185, 8.729195,12.864674,14.516104,12.336250,14.188478,22.906861,23.758330, 8.723602,12.871793,14.531914,12.356222,14.210979,22.958890,23.832908, 8.736224,12.883682,14.530289,12.339724,14.191449,22.919519,23.779127, 8.723683,12.870271,14.534469,12.350421,14.209542,22.959287,23.808424, 8.727069,12.861925
12.760841,12.511432,14.075771,20.159949,18.060347, 9.236953,12.832934,12.398010,12.126565,13.672240,19.669996,17.661172, 9.031377,12.549136,12.129970,11.893268,13.442681,19.402199,17.422363, 8.915930,12.428283,12.053858,11.839296,13.369282,19.338849,17.435293, 8.933248,12.449878,12.075907,11.862239,13.392800,19.330540,17.373823, 8.883080,12.351017,11.985008,11.753754,13.302117,19.236724,17.259562, 8.815853,12.251587,11.882596,11.702794,13.240201,19.171777,17.226520, 8.811655,12.292196,11.937621,11.747214,13.291282,19.231281,17.316933, 8.883046,12.413330
14.210201,14.910629,15.963497,21.197044,19.809241,12.077193,15.661279,14.323839,15.001391,16.026706,21.256642,19.855825,12.106936,15.703194,14.361492,15.035386,16.058143,21.289219,19.884460,12.122899,15.717823,14.370476,15.042533,16.066360,21.296486,19.882697,12.119701,15.713709,14.365311,15.036745,16.060951,21.293258,19.887067,12.127298,15.728937,14.380611,15.056370,16.078113,21.310960,19.907732,12.139793,15.746559,14.396487,15.065183,16.086604,21.319298,19.911274,12.140021,15.739745,14.387604,15.055935,16.077541,21.308309,19.896543,12.126600,15.719115
14.988258,15.718405,18.429784,27.118921,24.423067,15.552461,17.071904,16.041731,16.588935,19.053042,27.753641,24.912907,15.881379,17.492993,16.460286,16.970969,19.433557,28.197689,25.313823,16.150145,17.741167,16.636647,17.090533,19.568890,28.314198,25.296637,16.115711,17.683402,16.561919,16.996223,19.449956,28.163568,25.259250,16.163611,17.811378,16.691419,17.168127,19.610782,28.399356,25.548898,16.299469,17.951617,16.793953,17.174629,19.622144,28.364393,25.462332,16.256133,17.865397,16.743014,17.155291,19.614432,28.399029,25.424653,16.173258,17.711470
 9.766223,10.521322,16.428946,25.114353,18.940129, 9.782430,11.498395,10.839436,11.408271,17.238081,25.956448,19.484711,10.086515,11.912941,11.252595,11.790636,17.727894,26.543847,19.929556,10.332705,12.153139,11.423987,11.909172,17.900320,26.697787,19.911300,10.300922,12.097151,11.350116,11.815506,17.749293,26.501759,19.871211,10.346936,12.225082,11.481610,11.991578,17.961739,26.817840,20.196886,10.475182,12.367279,11.587207,12.002486,17.981317,26.780133,20.105781,10.436802,12.282776,11.534928,11.979303,17.966240,26.815851,20.056788,10.355731,12.127021
14.367075,14.743916,19.804852,28.578428,26.441409,15.769017,15.869771,15.590134,15.690523,20.535772,29.284226,26.990301,16.118184,16.287923,16.024224,16.075823,20.968614,29.776756,27.442608,16.402236,16.528354,16.203695,16.195187,21.119101,29.905525,27.424779,16.365602,16.471303,16.123934,16.097961,20.981540,29.730696,27.373972,16.416020,16.598149,16.262140,16.276279,21.172418,30.003667,27.714467,16.565008,16.740915,16.370207,16.285119,21.185400,29.966279,27.615090,16.518691,16.655929,16.317113,16.262479,21.174415,29.999210,27.568458,16.426348,16.500493
 6.270546, 6.089153, 9.106188,11.702268,12.794933, 5.705602, 6.996798, 6.760218, 6.462744, 9.432148,11.989267,13.059843, 5.838422, 7.182441, 6.949669, 6.623708, 9.628521,12.187981,13.274702, 5.945352, 7.289796, 7.028070, 6.673514, 9.697657,12.239955,13.265708, 5.931556, 7.264809, 6.994532, 6.634266, 9.637324,12.174053,13.246884, 5.951453, 7.321583, 7.054020, 6.707605, 9.721501,12.279903,13.402585, 6.006573, 7.384270, 7.101808, 6.711973, 9.729237,12.267054,13.358855, 5.989990, 7.346805, 7.078109, 6.702520, 9.723447,12.279574,13.335741, 5.955238, 7.277898
 9.752411,10.341238,14.347246,20.354168,16.079239, 7.861566,10.268851, 9.882147,10.448456,14.428831,20.428148,16.128552, 7.889356,10.312881, 9.928283,10.491100,14.479317,20.484818,16.174653, 7.915478,10.341687, 9.950059,10.505765,14.497707,20.500029,16.172261, 7.911981,10.333939, 9.939726,10.491908,14.476669,20.470619,16.161027, 7.914370,10.346221, 9.953058,10.510789,14.498695,20.505791,16.199390, 7.926871,10.360159, 9.961467,10.507762,14.494800,20.492735,16.182184, 7.920655,10.349709, 9.957199,10.507787,14.497670,20.504204,16.182976, 7.915273,10.335033
17.048518,18.904756,30.005414,49.620947,36.321445,19.378394,21.096205,18.480445,20.064488,30.996020,50.669972,36.960230,19.747804,21.588943,18.947744,20.511274,31.585861,51.440346,37.524863,20.072949,21.891090,19.154700,20.657356,31.796340,51.646219,37.506052,20.034088,21.819281,19.061613,20.533882,31.586690,51.318149,37.402044,20.075259,21.960053,19.204082,20.734074,31.842903,51.763793,37.846778,20.237152,22.121039,19.303135,20.723701,31.829638,51.652572,37.681902,20.173736,22.017222,19.257661,20.714473,31.844877,51.760908,37.664453,20.091019,21.847029
16.437616,16.444041,17.265719,23.894268,22.625863,15.291417,16.031509,15.494192,15.661828,16.694744,23.306150,22.143094,14.959405,15.648325,15.118224,15.325486,16.382749,22.956280,21.815710,14.744000,15.468094,14.993873,15.237689,16.282536,22.870655,21.829634,14.773807,15.505805,15.043053,15.295141,16.345714,22.925347,21.806830,14.707874,15.383608,14.918966,15.138284,16.212829,22.764848,21.602702,14.585797,15.252083,14.800201,15.093602,16.163098,22.728851,21.610038,14.598198,15.313640,14.860917,15.138504,16.204808,22.764038,21.694895,14.703207,15.465552
10.631933,10.107159,11.980190,20.795238,20.059055, 5.216353, 9.899367,10.329676, 9.824588,11.708320,20.420673,19.734734, 5.122370, 9.723532,10.146347, 9.669131,11.547584,20.197468,19.518972, 5.061373, 9.637219,10.084057, 9.628387,11.493935,20.142955,19.531180, 5.070220, 9.655333,10.106058, 9.653151,11.524247,20.168841,19.504646, 5.050574, 9.597256,10.047346, 9.582848,11.460158,20.075382,19.382092, 5.017825, 9.538221, 9.988435, 9.562416,11.433083,20.052398,19.384499, 5.021257, 9.568023,10.020294, 9.583147,11.455960,20.074591,19.441150, 5.050064, 9.637965
11.732420,11.013263,13.036801,16.228671,22.102273, 7.696519,11.020949,11.180325,10.552954,12.630809,15.835969,21.638626, 7.523859,10.762548,10.917718,10.332368,12.402589,15.605431,21.332848, 7.414489,10.642126,10.832635,10.276399,12.329561,15.549960,21.349166, 7.430691,10.668036,10.865281,10.312162,12.372689,15.578647,21.315139, 7.394373,10.583074,10.778274,10.208979,12.276557,15.476214,21.132060, 7.332458,10.494219,10.692299,10.177317,12.236792,15.449687,21.132987, 7.338060,10.536884,10.738461,10.209870,12.272185,15.478499,21.220712, 7.393643,10.641240
18.126933,20.796659,30.076286,44.976479,26.581968,14.153352,17.220528,16.128700,18.845368,28.075904,42.706074,25.395220,13.501493,16.358387,15.309866,18.005521,26.997217,41.382009,24.606969,13.085770,15.958823,15.042961,17.790474,26.656976,41.064153,24.646889,13.146555,16.047467,15.151435,17.938272,26.881350,41.280783,24.591852,13.019248,15.776353,14.886450,17.550190,26.424100,40.667556,24.099587,12.786098,15.489028,14.634693,17.443553,26.260247,40.547991,24.124566,12.813570,15.628615,14.767787,17.557303,26.407580,40.683579,24.331155,13.014672,15.963847
12.266589,11.960865,15.693393,17.387994, 8.756375, 7.367078,14.346901,15.032274,14.025281,17.263174,18.576598, 9.289419, 7.839925,15.374059,16.168686,14.965147,18.257033,19.441278, 9.743928, 8.241843,16.001244,16.664874,15.269344,18.619879,19.673819, 9.726560, 8.191607,15.856734,16.453862,15.030797,18.300157,19.370195, 9.678519, 8.261070,16.178861,16.818408,15.464951,18.730357,19.837546,10.014835, 8.468330,16.539994,17.106731,15.479052,18.757611,19.767676, 9.912631, 8.401960,16.320285,16.967972,15.435220,18.745036,19.844357, 9.873777, 8.278109,15.929415
11.360242,10.758695,12.745547,15.586915,10.152271, 7.291752,10.768063,10.612700,10.121810,12.176844,15.043327, 9.830097, 7.054975,10.405261,10.253841, 9.817356,11.860293,14.727610, 9.619585, 6.906525,10.237511,10.138485, 9.740364,11.759127,14.651732, 9.630697, 6.928422,10.273301,10.182340, 9.789031,11.818030,14.689557, 9.606649, 6.878981,10.155082,10.064500, 9.647745,11.685967,14.551392, 9.482223, 6.795310,10.031659, 9.947512, 9.603474,11.629946,14.513315, 9.481604, 6.802295,10.090273,10.009973, 9.648198,11.679024,14.553107, 9.541897, 6.877797,10.235628
11.916642,13.443224,18.718413,30.824065,23.656075,12.474008,12.372248,14.193629,15.515009,20.557721,32.993678,25.112570,13.281463,13.290602,15.285291,16.564143,21.753979,34.535032,26.302195,13.941928,13.844834,15.751714,16.896409,22.194860,34.946799,26.250932,13.857976,13.721807,15.567260,16.654617,21.847190,34.500085,26.200063,13.992542,14.019832,15.915838,17.133039,22.344944,35.269432,27.015326,14.329160,14.341030,16.211247,17.170237,22.414395,35.203462,26.803300,14.234768,14.148389,16.063734,17.108292,22.371273,35.293739,26.665191,14.016159,13.792026
 8.771207, 9.178236,10.918363,16.174149,17.865543, 7.079184, 9.869598,10.481929,10.561981,11.902750,17.167155,18.793894, 7.487985,10.514010,11.198825,11.199446,12.522422,17.876070,19.565924, 7.826625,10.899542,11.504817,11.401547,12.746401,18.064706,19.534585, 7.783533,10.811152,11.376267,11.245586,12.555055,17.831814,19.470385, 7.846802,11.014828,11.606415,11.539797,12.821692,18.207793,20.029763, 8.022103,11.240433,11.793064,11.556286,12.846785,18.161889,19.871126, 7.969196,11.104953,11.701271,11.520710,12.830556,18.211254,19.790982, 7.859740,10.858412
 8.393882,10.507357,11.040971,18.071925,17.997381, 7.931012, 9.822798, 8.641270,10.718898,11.153623,18.179997,18.082661, 7.974440, 9.889744, 8.705983,10.788204,11.215801,18.259178,18.160209, 8.012703, 9.929277, 8.733941,10.810970,11.237447,18.280573,18.158994, 8.008510, 9.920039, 8.720712,10.791305,11.214715,18.244107,18.140578, 8.012543, 9.938096, 8.740678,10.822828,11.242778,18.291351,18.204610, 8.032287, 9.960105, 8.754070,10.821582,11.241185,18.281024,18.181658, 8.024962, 9.947072, 8.748682,10.820308,11.243493,18.292494,18.180394, 8.014931, 9.924121
22.496044,21.807244,25.274911,31.937642,32.037074,23.767230,23.563598,23.256609,22.425151,25.761778,32.394428,32.435077,24.068614,23.899655,23.597761,22.716010,26.053019,32.690918,32.730994,24.288864,24.079577,23.726954,22.799792,26.152660,32.766189,32.716242,24.258150,24.038418,23.674230,22.738567,26.077585,32.695146,32.717874,24.313075,24.146658,23.784424,22.873445,26.201501,32.840826,32.915109,24.431169,24.262592,23.883422,22.896339,26.230750,32.845114,32.880796,24.406250,24.198588,23.831492,22.867349,26.205348,32.839428,32.825306,24.317463,24.066609
16.902045,17.549731,18.757967,24.630689,22.553338,12.744171,17.475686,16.927912,17.524632,18.682090,24.525017,22.460841,12.695270,17.416544,16.876620,17.477363,18.637475,24.476283,22.417033,12.675794,17.398875,16.869106,17.470486,18.624363,24.465938,22.420445,12.679536,17.400446,16.867767,17.467214,18.618500,24.444234,22.390838,12.663291,17.375724,16.847912,17.443711,18.602030,24.436593,22.381844,12.649708,17.352833,16.819150,17.422643,18.577893,24.408443,22.359024,12.643560,17.359100,16.835703,17.439525,18.598449,24.435197,22.389945,12.664649,17.389300
18.276840,17.066450,18.412480,26.214028,26.080305,13.153696,17.812642,17.058379,16.069953,17.632315,25.366516,25.339106,12.767075,17.246715,16.505349,15.606220,17.187885,24.850487,24.826163,12.505472,16.963423,16.310535,15.480549,17.040533,24.723261,24.851556,12.541680,17.024772,16.385667,15.565518,17.139349,24.818201,24.824896,12.469326,16.847448,16.212129,15.357505,16.958334,24.583797,24.508507,12.330758,16.662479,16.050541,15.311155,16.901696,24.555499,24.542839,12.352938,16.758983,16.135281,15.362366,16.949404,24.583369,24.653677,12.464717,16.973999
18.853558,16.756659,21.633471,30.694366,29.415432,12.793439,16.924378,18.740188,16.596850,21.397270,30.389643,29.145512,12.677302,16.774443,18.581529,16.471293,21.255844,30.224735,28.988051,12.613804,16.711060,18.537929,16.443220,21.210206,30.186198,28.998459,12.624074,16.722523,18.548959,16.453425,21.221246,30.172194,28.948079,12.593785,16.667778,18.494541,16.394638,21.166581,30.119419,28.879361,12.556636,16.614202,18.429725,16.364002,21.123690,30.073791,28.851188,12.553026,16.636293,18.465934,16.390744,21.159905,30.116632,28.917094,12.594831,16.702882
11.755932,10.669182,13.056877,15.888674,13.573664, 6.012368,12.141473,10.553162, 9.712020,12.210599,15.100272,12.978790, 5.727170,11.557387,10.036039, 9.287621,11.751506,14.643091,12.587309, 5.547180,11.288483, 9.869226, 9.179841,11.606684,14.533577,12.607678, 5.573799,11.347798, 9.936067, 9.252421,11.698807,14.601615,12.574312, 5.516746,11.161990, 9.767685, 9.055586,11.504584,14.393093,12.333690, 5.415223,10.965868, 9.605149, 8.998429,11.430480,14.346455,12.340913, 5.425858,11.060164, 9.691544, 9.058333,11.496963,14.398395,12.447948, 5.515102,11.289783
13.990852,16.563257,16.477095,23.658157,28.404165,11.549831,14.837518,14.186641,16.676727,16.473105,23.605475,28.332827,11.526475,14.823401,14.182358,16.671898,16.467722,23.597141,28.323457,11.529770,14.831429,14.194238,16.679330,16.468164,23.597841,28.327435,11.531108,14.827218,14.184091,16.663239,16.448435,23.554567,28.274079,11.516967,14.814838,14.178782,16.658587,16.449396,23.572486,28.303829,11.514899,14.806559,14.160473,16.635222,16.424414,23.536286,28.256697,11.504214,14.804451,14.172603,16.652518,16.446300,23.571497,28.299108,11.519853,14.819198
14.951354,15.140731,18.419253,24.506325,23.239971,14.707377,14.261276,13.717084,14.055872,17.467271,23.539066,22.435468,14.187562,13.707325,13.176613,13.566112,16.940346,22.965950,21.893962,13.849716,13.443327,12.995755,13.438119,16.770486,22.826765,21.921066,13.898147,13.500837,13.067032,13.524161,16.880657,22.919992,21.882562,13.796681,13.325501,12.893189,13.299644,16.660755,22.659312,21.549085,13.610405,13.140660,12.727385,13.239848,16.582131,22.610270,21.568726,13.633450,13.231869,12.814656,13.303041,16.650530,22.661862,21.704284,13.792006,13.447455
11.581933,12.104370,15.204779,20.877618,18.199730,10.570181,11.839754,11.068136,11.643416,14.790042,20.443920,17.866204,10.370535,11.597033,10.836936,11.428597,14.555009,20.182301,17.638288,10.238339,11.478505,10.757811,11.371455,14.477653,20.117893,17.648948,10.256598,11.503349,10.787852,11.408354,14.526017,20.158802,17.631856,10.217246,11.425659,10.713247,11.310224,14.429028,20.041912,17.493361,10.145110,11.343959,10.641849,11.284440,14.393869,20.019501,17.501635,10.153949,11.384314,10.678950,11.310984,14.423076,20.040735,17.556771,10.214743,11.479288
22.190737,22.536438,25.030668,33.130097,19.090992,15.777763,23.507237,22.692227,22.829578,25.089635,33.097817,19.060117,15.765979,23.529456,22.735584,22.867380,25.124089,33.129571,19.079966,15.797962,23.578706,22.783976,22.895074,25.140504,33.142339,19.080772,15.795915,23.560220,22.751568,22.851786,25.083756,33.041220,19.028286,15.774809,23.550856,22.756049,22.864542,25.105463,33.104595,19.078393,15.783572,23.549914,22.728416,22.819576,25.052806,33.025102,19.024907,15.757885,23.531710,22.746230,22.848507,25.095825,33.096143,19.061447,15.779556,23.544568
13.128998,14.638800,19.473790,27.870804,26.499354, 7.821188,14.326398,13.388669,14.828821,19.589921,27.960275,26.561301, 7.843566,14.377996,13.440750,14.878617,19.645110,28.021617,26.616194, 7.861236,14.402904,13.459782,14.893586,19.661848,28.037701,26.616435, 7.859136,14.396622,13.448764,14.879349,19.642244,28.008819,26.600911, 7.861625,14.410811,13.467305,14.905304,19.671949,28.049815,26.652610, 7.873102,14.430481,13.480991,14.908525,19.674112,28.048603,26.640498, 7.870410,14.421767,13.475601,14.904080,19.672329,28.049792,26.633520, 7.862809,14.401275
 6.748320, 6.292609, 6.979699, 9.452185, 7.978889, 6.307814, 7.256517, 5.988052, 5.668815, 6.474173, 8.935953, 7.590658, 5.993956, 6.870750, 5.660061, 5.391608, 6.201666, 8.639814, 7.338397, 5.798878, 6.695653, 5.556018, 5.322089, 6.116112, 8.569130, 7.351371, 5.827684, 6.733618, 5.597086, 5.367658, 6.168317, 8.608738, 7.326527, 5.763914, 6.610514, 5.489931, 5.239087, 6.053436, 8.475773, 7.173947, 5.653332, 6.480991, 5.385429, 5.199748, 6.007084, 8.441944, 7.175110, 5.663230, 6.542084, 5.440899, 5.240083, 6.048339, 8.478787, 7.246596, 5.762149, 6.694104
22.459181,18.779521,32.598181,44.525450,38.832319,12.804743,20.178614,20.838991,17.627930,31.246339,43.146209,37.780892,12.437595,19.546558,20.168007,17.120106,30.475422,42.280545,37.023123,12.177344,19.217612,19.920373,16.976971,30.215925,42.063758,37.057257,12.211804,19.289469,20.018403,17.078309,30.406213,42.262621,37.053377,12.148888,19.097496,19.812387,16.853751,30.092864,41.855145,36.566879,12.014517,18.894690,19.629912,16.816158,30.017906,41.840290,36.649694,12.042043,19.004895,19.723093,16.861402,30.077781,41.850384,36.781623,12.142238,19.237497
 8.036452, 9.606744,12.068771,20.664685,20.413492,11.203528,10.699727,10.189077,11.555621,13.536343,22.381143,21.861505,12.047121,11.641316,11.135234,12.492961,14.480759,23.616473,23.068209,12.747283,12.209209,11.541083,12.791719,14.826685,23.948204,23.021181,12.659395,12.082109,11.374765,12.568743,14.543534,23.565265,22.942363,12.796954,12.387667,11.683933,13.005294,14.949561,24.207349,23.802596,13.161940,12.724828,11.940284,13.036573,14.998001,24.145693,23.571980,13.057714,12.525393,11.814736,12.981170,14.967977,24.222184,23.436543,12.824344,12.155934
15.310075,16.448557,19.532383,27.465397,29.286273, 9.323012,15.838583,15.560708,16.627991,19.626567,27.533362,29.338971, 9.344273,15.887418,15.614154,16.677663,19.676619,27.587637,29.395377, 9.365675,15.917447,15.638585,16.694541,19.693148,27.602123,29.393762, 9.362924,15.908710,15.624679,16.676247,19.669404,27.565675,29.369693, 9.363664,15.921243,15.641672,16.700463,19.695329,27.607380,29.427988, 9.375233,15.937854,15.650498,16.696230,19.688922,27.591452,29.400937, 9.369198,15.926376,15.646667,16.696067,19.692944,27.603455,29.403767, 9.364718,15.910120
13.279433,13.279552,15.832023,22.291547,22.347672, 6.531265,13.882404,13.035341,13.034596,15.576993,21.993960,22.080254, 6.447860,13.711925,12.878702,12.895972,15.433142,21.830383,21.919217, 6.400954,13.640862,12.835128,12.864693,15.388736,21.792430,21.929152, 6.408609,13.655179,12.849847,12.880406,15.405637,21.791242,21.889855, 6.387856,13.594609,12.794674,12.812951,15.344764,21.727067,21.805525, 6.359162,13.532594,12.733733,12.782333,15.306730,21.689427,21.785395, 6.358098,13.558726,12.767504,12.811001,15.340827,21.729090,21.850531, 6.388466,13.633599
 4.473869, 5.361590, 7.064029,12.103564, 8.929915, 4.374312, 6.957271, 6.375709, 7.223431, 8.655550,14.038564,10.216675, 5.074734, 8.136164, 7.523873, 8.354006, 9.814039,15.519686,11.337229, 5.693322, 8.921771, 8.060619, 8.739437,10.275996,15.935182,11.290404, 5.617782, 8.753150, 7.862159, 8.474057, 9.929292,15.510868,11.254195, 5.740136, 9.162429, 8.236514, 8.992478,10.400113,16.221226,12.005253, 6.049083, 9.598600, 8.559423, 9.016870,10.462202,16.146156,11.793702, 5.957195, 9.325791, 8.401605, 8.971614,10.442845,16.284099,11.692471, 5.766223, 8.843920
18.422912,20.826712,30.895881,47.522516,36.741192,17.512748,21.926474,17.277949,19.686508,29.648180,46.033633,35.722475,17.016733,21.258049,16.740776,19.147967,28.947908,45.153162,35.041808,16.696775,20.940007,16.562154,19.008117,28.721225,44.939473,35.077008,16.743098,21.008619,16.630916,19.099448,28.861643,45.067167,35.015774,16.643197,20.793432,16.456802,18.851636,28.570632,44.674627,34.605042,16.466122,20.568151,16.287625,18.781712,28.458931,44.588839,34.620380,16.485705,20.678611,16.377406,18.854290,28.555963,44.677794,34.798731,16.639552,20.942527
17.585950,16.806461,17.800793,23.197957,23.697634,16.980380,19.068826,15.926065,15.397968,16.680060,22.062791,22.679221,16.246131,18.181104,15.174004,14.752162,16.068912,21.409476,22.016750,15.787954,17.773580,14.933121,14.588903,15.874677,21.252671,22.050288,15.854509,17.860041,15.025331,14.692899,15.989722,21.335495,21.981112,15.705181,17.576518,14.781493,14.396220,15.736259,21.049067,21.588390,15.448812,17.280005,14.542023,14.305075,15.631394,20.973088,21.589536,15.470987,17.420067,14.668542,14.396803,15.722237,21.051115,21.773679,15.700070,17.768830
 9.766223,10.521322,16.428946,25.114353,18.940129, 9.782430,11.498395,10.839436,11.408271,17.238081,25.956448,19.484711,10.086515,11.912941,11.252595,11.790636,17.727894,26.543847,19.929556,10.332705,12.153139,11.423987,11.909172,17.900320,26.697787,19.911300,10.300922,12.097151,11.350116,11.815506,17.749293,26.501759,19.871211,10.346936,12.225082,11.481610,11.991578,17.961739,26.817840,20.196886,10.475182,12.367279,11.587207,12.002486,17.981317,26.780133,20.105781,10.436802,12.282776,11.534928,11.979303,17.966240,26.815851,20.056788,10.355731,12.127021
