29.102502,37.025388,45.469184,63.360514,47.640173,29.198714,29.593511,26.337528,34.168855,43.006021,60.813950,46.027434,28.178658,28.468423,25.353824,33.012189,41.765961,59.273685,44.843589,27.489217,27.924919,25.006803,32.714155,41.345601,58.979004,44.862769,27.565561,28.029077,25.118546,32.905470,41.692291,59.336535,44.958836,27.424748,27.724634,24.817454,32.369078,41.348515,58.793515,44.255061,27.046032,27.365603,24.479554,32.247815,41.032566,58.496758,44.229847,27.074722,27.522921,24.696784,32.363939,41.159883,58.600303,44.435482,27.413950,27.931452
15.513403,17.219311,19.735392,27.429723,24.155624,13.282747,14.884105,14.959044,16.623364,19.209698,26.867925,23.726909,13.037379,14.595067,14.675751,16.336164,18.932217,26.523731,23.417992,12.875089,14.453085,14.577412,16.265036,18.831940,26.452125,23.415215,12.886963,14.472830,14.598647,16.297491,18.892170,26.503305,23.419098,12.849175,14.390202,14.512274,16.165191,18.821971,26.405305,23.251650,12.759481,14.303810,14.416303,16.140675,18.754523,26.334386,23.242074,12.771882,14.344700,14.481124,16.168243,18.780328,26.360482,23.300867,12.851587,14.450973
14.283595,20.950006,31.637376,42.574676,29.534812,14.585632,15.715211,14.995912,21.904488,32.717240,43.693893,30.209482,14.933276,16.110761,15.361346,22.379834,33.309754,44.382755,30.695028,15.168024,16.305739,15.490796,22.502267,33.519463,44.525422,30.686899,15.142244,16.271054,15.454260,22.430422,33.370340,44.400994,30.690135,15.208515,16.396575,15.574861,22.665302,33.542874,44.657780,30.993977,15.340589,16.520303,15.696935,22.696188,33.678256,44.781231,30.986389,15.321635,16.459573,15.618107,22.657148,33.617364,44.724121,30.894651,15.201565,16.307007
16.245965,18.059617,25.450068,37.340440,28.356243,16.584034,17.003612,15.888081,17.611129,24.919919,36.730204,27.942875,16.333105,16.735658,15.640585,17.358474,24.633472,36.337944,27.638436,16.171451,16.602864,15.559664,17.305093,24.522854,36.254681,27.622515,16.170450,16.609612,15.562214,17.307282,24.549517,36.254610,27.602176,16.130456,16.527851,15.482883,17.187458,24.483047,36.192457,27.471365,16.037570,16.456911,15.400839,17.170675,24.421371,36.107018,27.450456,16.060121,16.495363,15.466769,17.201931,24.445780,36.143844,27.523282,16.143383,16.598865
14.998463,15.367107,24.026385,39.829712,27.907374,15.783853,14.796424,15.073043,15.349131,23.947063,39.702961,27.818724,15.734576,14.754118,15.030602,15.307276,23.900284,39.624333,27.762654,15.708270,14.732525,15.018934,15.301269,23.876254,39.599333,27.750210,15.700589,14.726493,15.008753,15.288253,23.859004,39.560932,27.724808,15.689671,14.711307,14.996678,15.271027,23.856183,39.579885,27.719890,15.675035,14.707605,14.986531,15.273683,23.852210,39.558832,27.713202,15.684895,14.712718,14.997862,15.276963,23.852046,39.568698,27.730207,15.696491,14.727555
12.128801,15.165501,16.861576,26.821757,28.676563, 6.997260,13.927725,13.032602,16.018926,17.491010,27.524393,29.295324, 7.170557,14.288083,13.366314,16.386152,17.830914,27.990167,29.794258, 7.295477,14.470328,13.487592,16.480653,17.948335,28.075879,29.787344, 7.282721,14.434915,13.447216,16.420326,17.852420,27.969714,29.738933, 7.307601,14.540815,13.561146,16.607262,17.954350,28.137837,30.044069, 7.381041,14.666111,13.683959,16.648078,18.042660,28.227157,30.057560, 7.373481,14.610630,13.600215,16.603156,18.006487,28.193687,29.959941, 7.307386,14.464179
22.063256,21.268904,22.580306,31.488650,31.033493,15.052834,20.569091,19.768905,19.318408,21.043996,29.865440,29.667544,14.358568,19.568925,18.826879,18.472455,20.265075,28.885240,28.681908,13.901070,19.087896,18.502814,18.264261,19.994256,28.694432,28.684051,13.940910,19.164549,18.586764,18.374385,20.181053,28.872131,28.732622,13.845315,18.893728,18.303922,17.989376,19.979113,28.577842,28.192026,13.594846,18.590389,17.983282,17.904564,19.783218,28.378349,28.155466,13.620438,18.728399,18.198905,17.993187,19.860599,28.450126,28.339498,13.845828,19.089109
 9.697177,14.290671,15.463357,25.022940,24.677653, 7.143293,10.794330, 9.561540,14.059366,15.242496,24.743270,24.431661, 7.064947,10.677917, 9.459796,13.925274,15.125897,24.573291,24.263123, 7.016829,10.622132, 9.427688,13.897877,15.081092,24.534099,24.253484, 7.016338,10.624153, 9.427318,13.896803,15.086955,24.523212,24.224072, 6.999679,10.584332, 9.392881,13.830827,15.056810,24.489662,24.146890, 6.972430,10.557832, 9.364588,13.830185,15.039490,24.460149,24.145331, 6.981400,10.574396, 9.387698,13.842357,15.048558,24.477949,24.185721, 7.005871,10.618238
 9.393327, 9.353375,10.476396,13.496583, 8.928908, 6.307687, 8.649211, 8.902067, 8.971342,10.186565,13.230052, 8.777984, 6.194439, 8.485165, 8.736495, 8.818622,10.040361,13.066780, 8.665150, 6.116734, 8.404695, 8.677260, 8.778936, 9.990206,13.034054, 8.665675, 6.124398, 8.419356, 8.695564, 8.803097,10.029668,13.070214, 8.674048, 6.108130, 8.374023, 8.643745, 8.731394, 9.988679,13.012479, 8.606825, 6.064991, 8.321525, 8.587661, 8.716696, 9.952935,12.981892, 8.605042, 6.069138, 8.344356, 8.623481, 8.731173, 9.966858,12.992326, 8.624260, 6.106915, 8.404490
17.324420,18.275684,21.529151,32.844634,28.868924,19.420674,18.525166,16.802849,17.782338,21.100626,32.353883,28.500513,19.166277,18.264862,16.570344,17.556854,20.876462,32.051110,28.230046,18.995209,18.135894,16.488337,17.499901,20.795894,31.988015,28.227366,19.008035,18.154711,16.507564,17.527516,20.847542,32.039027,28.236965,18.970861,18.081912,16.436831,17.424000,20.790478,31.950418,28.088746,18.876071,18.001783,16.356860,17.403004,20.734675,31.887663,28.079515,18.887749,18.038320,16.409974,17.424812,20.755218,31.909010,28.129193,18.970941,18.134017
18.383506,18.250540,23.329204,37.725919,29.824783,17.667993,17.338117,17.126894,17.187220,22.357012,36.559510,29.040503,17.185678,16.826581,16.632632,16.733540,21.861117,35.852822,28.470079,16.862492,16.578541,16.459412,16.618324,21.689617,35.712362,28.474125,16.894093,16.621675,16.509109,16.685063,21.816445,35.853325,28.502255,16.821933,16.478275,16.356132,16.473266,21.680517,35.614811,28.169645,16.643847,16.319999,16.190177,16.431941,21.560136,35.480173,28.160092,16.662892,16.391804,16.298466,16.475269,21.608835,35.529993,28.262019,16.821701,16.578453
 9.622380, 9.949154,12.699224,17.878138,16.194101, 9.115055,11.408057, 9.847897,10.125870,12.857901,18.031597,16.313027, 9.190011,11.509909, 9.938260,10.211269,12.942710,18.143214,16.414507, 9.240513,11.560767, 9.966529,10.226118,12.974958,18.164488,16.423066, 9.244623,11.560199, 9.967187,10.230629,12.973599,18.174116,16.430071, 9.256892,11.594561,10.002230,10.277776,12.997081,18.188635,16.470327, 9.289545,11.620535,10.030783,10.281935,13.011334,18.209695,16.479036, 9.278156,11.605635,10.003320,10.267483,13.005079,18.197969,16.449141, 9.248844,11.560857
15.645967,14.034935,19.317652,28.491501,25.296660,12.454529,13.731531,14.818874,13.346321,18.608959,27.698413,24.688577,12.138766,13.362958,14.432405,13.025344,18.239518,27.211557,24.248075,11.930447,13.184105,14.300090,12.947781,18.108318,27.114093,24.246204,11.946199,13.209976,14.330142,12.983891,18.187726,27.184570,24.251195,11.896651,13.102820,14.208579,12.832245,18.089350,27.040683,24.009848,11.780540,12.993412,14.079528,12.805792,18.002641,26.945282,23.998028,11.797318,13.046008,14.168990,12.838861,18.038629,26.984077,24.085120,11.902058,13.183151
13.415589,14.439629,18.419340,24.869359,21.548522,11.561040,15.545538,13.190920,14.149040,18.101524,24.528724,21.285240,11.414196,15.346160,13.024751,13.985284,17.932855,24.323349,21.104600,11.321964,15.249975,12.970346,13.949065,17.869511,24.277542,21.098650,11.324913,15.257778,12.974849,13.955826,17.889375,24.281126,21.077816,11.296026,15.193101,12.921041,13.877592,17.845627,24.232189,20.987913,11.244813,15.142728,12.871481,13.872786,17.815060,24.194824,20.986388,11.257884,15.171502,12.908798,13.887284,17.829894,24.214543,21.026157,11.304129,15.245661
13.093554,16.133662,23.035927,34.761160,23.302745,11.782925,14.797371,12.415582,15.475816,22.401172,34.064602,22.909970,11.572751,14.513131,12.179662,15.211695,22.077859,33.641942,22.619268,11.427993,14.374113,12.094345,15.140682,21.968544,33.559293,22.625663,11.445859,14.402939,12.124321,15.190135,22.066398,33.669973,22.652838,11.415807,14.325202,12.051466,15.066572,21.974488,33.507224,22.470863,11.336132,14.231141,11.969555,15.038750,21.891107,33.427395,22.468296,11.341139,14.271392,12.019809,15.062991,21.924042,33.453847,22.515427,11.411725,14.375213
14.219877,19.137345,34.376097,44.341391,26.874234, 9.772113,17.041446,13.666999,18.441449,33.433427,43.404963,26.378455, 9.578670,16.697813,13.394147,18.109252,32.939124,42.830788,26.020649, 9.451022,16.529526,13.300036,18.028194,32.760744,42.711735,26.016705, 9.459820,16.552248,13.319615,18.063462,32.863651,42.790656,26.018518, 9.429565,16.452901,13.235275,17.909044,32.736601,42.628752,25.826180, 9.358776,16.351272,13.143780,17.881908,32.619696,42.512784,25.815394, 9.369204,16.399995,13.206604,17.914642,32.665992,42.557443,25.884924, 9.432296,16.526872
10.876250,11.881258,17.001184,24.949992,26.321179, 8.863886,14.555905,14.014024,14.469003,19.370514,27.405778,28.443173, 9.650393,15.930783,15.308890,15.675149,20.733690,29.056376,30.171043,10.242814,16.654610,15.810020,16.017410,21.211075,29.375367,30.113217,10.160888,16.489439,15.616862,15.760754,20.753263,28.895972,29.917483,10.285112,16.909638,16.063250,16.381482,21.176396,29.590164,31.083047,10.633753,17.441998,16.577027,16.527442,21.560221,29.914133,31.094760,10.613370,17.211626,16.255690,16.396340,21.402256,29.800895,30.786895,10.299873,16.632873
15.317271,15.888001,25.670678,37.046208,26.054412,11.796629,16.685197,15.223210,15.712802,25.395111,36.719661,25.842849,11.696504,16.545533,15.097555,15.592035,25.243977,36.513682,25.694939,11.635292,16.476866,15.058500,15.568944,25.182314,36.465340,25.682567,11.631772,16.475660,15.053124,15.561277,25.180691,36.439538,25.655221,11.612348,16.428970,15.012094,15.503766,25.147859,36.420278,25.600140,11.577281,16.398358,14.974714,15.501522,25.122829,36.377026,25.591517,11.589624,16.418263,15.007395,15.514812,25.133717,36.399386,25.630048,11.620914,16.471772
13.830492,14.973681,28.890442,42.952013,27.312368,12.603519,16.622581,16.366758,16.849986,31.026792,45.124554,28.425460,13.157510,17.440339,17.156498,17.581669,32.177331,46.536340,29.333125,13.577325,17.859031,17.464363,17.797400,32.553208,46.789634,29.283678,13.505710,17.743417,17.317904,17.603301,32.100251,46.256625,29.113805,13.579451,17.970434,17.581283,17.970698,32.470498,46.937000,29.766164,13.820731,18.295192,17.890219,18.073474,32.806278,47.197452,29.764916,13.821837,18.166514,17.710336,17.996608,32.670854,47.120545,29.627677,13.605944,17.839033
14.650953,14.728211,17.964298,22.702167,21.478907,12.658816,15.391444,14.061309,14.207017,17.505634,22.264896,21.127851,12.443738,15.114406,13.813827,13.978661,17.267858,22.002213,20.875305,12.298578,14.978970,13.725302,13.918172,17.185487,21.949048,20.879548,12.315345,15.004605,13.752853,13.956688,17.252116,22.009291,20.894040,12.282613,14.927195,13.677759,13.851440,17.187144,21.914767,20.740899,12.203498,14.838678,13.592722,13.829624,17.126903,21.863772,20.738633,12.209939,14.878237,13.645544,13.849481,17.150984,21.881609,20.781002,12.280413,14.978741
 4.245450, 5.239241, 7.525518,12.077811,10.718825, 6.633828, 7.008943, 6.622518, 7.394325, 9.494776,14.262938,12.339214, 7.713895, 8.251792, 7.776069, 8.545449,10.709912,15.811877,13.707639, 8.550334, 8.934876, 8.231039, 8.868623,11.160109,16.128496,13.682283, 8.453076, 8.799090, 8.082130, 8.660262,10.792934,15.757448,13.581018, 8.643784, 9.213739, 8.502621, 9.278592,11.169891,16.355487,14.475917, 9.154901, 9.712739, 8.987215, 9.411927,11.513524,16.678938,14.499123, 9.106407, 9.485499, 8.668271, 9.275536,11.369791,16.556102,14.223926, 8.646509, 8.922560
14.393527,13.184171,20.857280,25.318385,22.412203,12.400557,14.444612,13.996383,12.809546,20.395544,24.879856,22.072905,12.205352,14.208345,13.772888,12.620223,20.150260,24.611763,21.831180,12.077777,14.092505,13.696247,12.574493,20.060484,24.554968,21.827545,12.085803,14.106842,13.710184,12.592442,20.107972,24.586514,21.823648,12.054088,14.037477,13.641512,12.504935,20.046445,24.514620,21.696166,11.983545,13.969085,13.567100,12.490705,19.989274,24.459723,21.688942,11.994936,14.002749,13.618567,12.508740,20.011909,24.481416,21.736819,12.057917,14.089926
 6.345570, 8.356568,10.385709,15.693992,13.364635, 4.581937, 7.338581, 6.492886, 8.478540,10.465999,15.776025,13.418453, 4.603899, 7.377975, 6.526977, 8.516328,10.510285,15.829155,13.465503, 4.622475, 7.398276, 6.541958, 8.530779,10.522517,15.835275,13.457247, 4.616294, 7.388361, 6.529819, 8.509884,10.491553,15.791933,13.431988, 4.616441, 7.395067, 6.538846, 8.526658,10.505302,15.828221,13.474612, 4.626627, 7.416161, 6.556487, 8.538761,10.526165,15.841683,13.476354, 4.630226, 7.409920, 6.548586, 8.534260,10.519335,15.841057,13.473012, 4.620778, 7.394780
21.228599,22.172736,28.940089,41.343820,36.136714,17.847567,23.528612,20.974586,21.734709,28.401936,40.712963,35.636572,17.593022,23.190579,20.676644,21.447255,28.102319,40.306207,35.274216,17.432178,23.020902,20.580309,21.388104,27.981059,40.214990,35.247950,17.426143,23.022589,20.574273,21.379776,27.995654,40.195369,35.213079,17.386471,22.920744,20.483301,21.249026,27.936840,40.157686,35.076270,17.294717,22.836021,20.383533,21.230355,27.870446,40.059758,35.043603,17.319445,22.883540,20.465219,21.265233,27.892968,40.098692,35.132567,17.400570,23.012453
17.092247,17.615514,22.210979,31.881007,24.964765,16.249271,17.659175,15.660812,16.380368,21.109424,30.706804,24.184105,15.722323,17.041649,15.122468,15.867188,20.550818,29.999225,23.616295,15.367645,16.743269,14.932652,15.734763,20.360516,29.862027,23.625657,15.407196,16.799954,14.992753,15.819002,20.515058,30.022516,23.665259,15.331363,16.630408,14.827842,15.580825,20.360208,29.771820,23.326157,15.136979,16.434835,14.644223,15.529638,20.219678,29.636520,23.316892,15.152905,16.521680,14.761758,15.579239,20.276917,29.685004,23.415482,15.327214,16.745852
16.408776,16.563216,18.060936,23.823900,28.503494,13.297539,17.512434,15.512262,15.788727,17.456618,23.227268,27.905884,13.004950,17.103901,15.157327,15.458990,17.145371,22.868332,27.473017,12.806877,16.904355,15.030151,15.371285,17.038203,22.796494,27.480321,12.829816,16.942716,15.070851,15.428347,17.127429,22.882623,27.511854,12.787434,16.831168,14.964111,15.277358,17.043209,22.753608,27.249788,12.679462,16.699434,14.841103,15.243584,16.962445,22.682674,27.243417,12.687154,16.756979,14.917068,15.272896,16.993609,22.706147,27.315017,12.782981,16.904458
 4.997862, 5.154304, 6.101405, 8.991896, 9.367252, 6.304085, 5.462094, 4.883042, 5.027371, 5.982131, 8.859144, 9.247051, 6.219081, 5.383424, 4.813156, 4.961410, 5.918545, 8.777697, 9.161532, 6.163824, 5.344675, 4.789317, 4.945681, 5.894855, 8.759916, 9.159269, 6.166400, 5.348760, 4.792799, 4.950747, 5.905730, 8.767266, 9.156229, 6.152245, 5.325357, 4.771270, 4.920264, 5.890193, 8.747087, 9.112582, 6.121595, 5.303277, 4.748434, 4.915870, 5.875920, 8.730346, 9.109897, 6.127338, 5.314369, 4.764483, 4.921979, 5.881384, 8.736967, 9.127071, 6.154389, 5.343360
 4.951164, 5.700963,10.406293,13.963619,11.494563, 6.061301, 7.580653, 7.325482, 7.810541,12.824136,16.269681,13.091300, 6.985063, 8.812324, 8.489913, 8.925935,14.306564,17.893622,14.431809, 7.698112, 9.485604, 8.948292, 9.240598,14.851449,18.220285,14.400892, 7.610810, 9.347042, 8.792382, 9.029783,14.389323,17.811265,14.288740, 7.769509, 9.750953, 9.211171, 9.623599,14.847298,18.446379,15.170943, 8.202275,10.244517, 9.698849, 9.756360,15.271342,18.785219,15.192838, 8.165268,10.021543, 9.380458, 9.624916,15.094865,18.659631,14.928411, 7.775007, 9.469291
15.585058,17.813474,26.641179,41.440284,31.245135,20.006053,18.354519,15.624453,17.899380,26.773542,41.621406,31.372620,20.087808,18.428693,15.683761,17.960146,26.847601,41.718625,31.446719,20.134913,18.461602,15.702070,17.973779,26.873827,41.741539,31.444937,20.129819,18.457199,15.699274,17.968145,26.863624,41.741173,31.466612,20.153992,18.486245,15.719964,17.999456,26.886748,41.781988,31.516071,20.179246,18.502304,15.733388,17.995414,26.894953,41.792559,31.506145,20.170766,18.491030,15.724801,17.994596,26.888011,41.780057,31.490107,20.146161,18.464021
 8.890143,10.340469,17.893328,28.481325,20.875961, 9.384706,10.660769, 9.351496,10.712354,18.274892,28.899356,21.123981, 9.506778,10.816834, 9.486664,10.849663,18.475192,29.163499,21.321486, 9.597739,10.894703, 9.538670,10.890413,18.538501,29.208283,21.307586, 9.580462,10.871458, 9.511971,10.850830,18.454841,29.099486,21.266353, 9.595857,10.913040, 9.555696,10.918584,18.519349,29.232881,21.411863, 9.647221,10.974389, 9.608001,10.938865,18.579291,29.281226,21.410910, 9.648903,10.950474, 9.578345,10.924718,18.554960,29.267282,21.382479, 9.602368,10.889898
15.171611,20.091122,18.420585,29.994198,21.899025, 9.151168,14.712662,14.254823,19.106548,17.784366,29.236535,21.431335, 8.940842,14.358587,13.918940,18.702178,17.459568,28.777966,21.087869, 8.797217,14.185426,13.798162,18.594422,17.348559,28.687206,21.093606, 8.813853,14.219446,13.838125,18.665889,17.443288,28.800891,21.122928, 8.784210,14.123477,13.736147,18.479406,17.353992,28.633361,20.913658, 8.705506,14.008161,13.619656,18.436942,17.269811,28.544003,20.908381, 8.710901,14.057812,13.691733,18.473946,17.302176,28.572986,20.964767, 8.780469,14.186120
15.852742,16.885836,22.764226,30.177180,27.441048,12.782398,16.345728,15.047884,16.086716,21.946534,29.350210,26.791215,12.463273,15.918872,14.661077,15.708078,21.521277,28.840197,26.319462,12.253725,15.710758,14.529466,15.618480,21.367690,28.735750,26.311722,12.265845,15.736670,14.554273,15.653063,21.448841,28.795155,26.310425,12.216201,15.612479,14.433005,15.475443,21.339002,28.659178,26.064428,12.099195,15.488745,14.304661,15.445460,21.241302,28.557205,26.047729,12.118183,15.549089,14.395849,15.485340,21.281071,28.598288,26.143311,12.222911,15.707716
13.940956,13.959038,23.894813,35.983261,24.729827,11.032104,15.050572,13.877469,13.804648,23.639483,35.656070,24.523368,10.937406,14.924113,13.764862,13.700970,23.497049,35.462265,24.386250,10.878241,14.861723,13.726864,13.676122,23.441309,35.416364,24.381993,10.880781,14.866593,13.729457,13.681769,23.461255,35.425460,24.368035,10.863441,14.828018,13.697125,13.636406,23.430808,35.384961,24.301580,10.831766,14.794783,13.660609,13.631076,23.398724,35.341822,24.297707,10.838265,14.812849,13.685727,13.638698,23.410777,35.359056,24.325203,10.866377,14.857919
27.971050,29.466696,37.301409,61.173570,46.862015,27.085723,29.080853,27.140577,28.698908,36.597627,60.307018,46.297930,26.751429,28.696024,26.788799,28.358712,36.230860,59.777012,45.884868,26.524857,28.505784,26.663142,28.270006,36.101273,59.667921,45.885805,26.546299,28.537807,26.697890,28.320324,36.196266,59.776211,45.908194,26.497450,28.431046,26.591174,28.163972,36.099902,59.603362,45.669598,26.372667,28.309096,26.469274,28.130765,36.006593,59.495874,45.659677,26.384944,28.363422,26.547206,28.162146,36.041535,59.531506,45.731413,26.494671,28.504111
10.685950,14.149262,19.852357,28.791779,19.845244, 6.638434,12.782445,11.352214,14.761696,20.369615,29.314417,20.137003, 6.748471,13.008091,11.548613,14.986609,20.642276,29.639587,20.366485, 6.831166,13.121191,11.625932,15.056561,20.727572,29.695027,20.347081, 6.813534,13.084675,11.583449,14.984106,20.603708,29.544344,20.293018, 6.826857,13.142726,11.644694,15.092174,20.691012,29.718892,20.468952, 6.872697,13.234513,11.722508,15.127890,20.776794,29.779719,20.466212, 6.876176,13.199822,11.681207,15.106885,20.742712,29.764626,20.437225, 6.834732,13.113801
 8.038439, 8.182930,12.409669,14.270520,18.621565, 5.628575, 8.773531, 7.770088, 7.902667,12.083633,13.976470,18.293135, 5.517161, 8.600893, 7.619582, 7.762395,11.910163,13.797846,18.060083, 5.444049, 8.516385, 7.567511, 7.727686,11.847364,13.760570,18.058937, 5.449799, 8.528255, 7.578628, 7.743656,11.884982,13.786677,18.059191, 5.432064, 8.478363, 7.533003, 7.679290,11.841154,13.735395,17.932173, 5.391914, 8.427077, 7.482071, 7.667730,11.799046,13.698578,17.925889, 5.397418, 8.451790, 7.516338, 7.680838,11.815697,13.712649,17.970517, 5.433428, 8.515134
16.234571,15.614875,18.104597,22.995804, 7.040976, 3.085148,15.208099,16.292274,15.603395,18.061967,22.945951, 7.024402, 3.076967,15.178228,16.258175,15.570087,18.035581,22.907022, 7.011247, 3.072424,15.160552,16.249064,15.566969,18.019342,22.894248, 7.006490, 3.069496,15.151487,16.235067,15.548858,18.001623,22.868675, 7.001869, 3.068825,15.143436,16.226893,15.537201,18.005626,22.893018, 7.005111, 3.065969,15.142066,16.215908,15.536234,18.001107,22.877342, 7.000593, 3.068166,15.144606,16.229971,15.542009,17.998823,22.881409, 7.005294, 3.070021,15.155766
24.287749,26.996466,34.224366,46.081780,34.477466,18.913710,25.303824,22.316813,25.117452,32.507228,44.339014,33.366070,18.281288,24.403360,21.538653,24.320876,31.633467,43.293492,32.565069,17.858515,23.968935,21.265322,24.115920,31.334185,43.088710,32.577184,17.904785,24.049485,21.349164,24.243346,31.570969,43.317581,32.625418,17.812076,23.801089,21.112075,23.875187,31.331564,42.952659,32.150264,17.581119,23.519289,20.848279,23.798184,31.113194,42.751737,32.137813,17.601314,23.645662,21.017156,23.873376,31.201892,42.824462,32.277362,17.808495,23.971121
16.088557,16.541946,20.932269,28.433266,26.049049,13.941002,16.142260,15.108753,15.765959,20.295168,27.807476,25.580405,13.678715,15.808883,14.804054,15.478306,19.971911,27.434758,25.232543,13.492358,15.644752,14.688298,15.392508,19.866856,27.364235,25.251072,13.524906,15.688790,14.741378,15.468946,19.993825,27.508469,25.313774,13.493041,15.605949,14.653099,15.339704,19.901412,27.337381,25.072319,13.392973,15.483859,14.539965,15.299508,19.805133,27.263488,25.071453,13.389055,15.530767,14.600685,15.322856,19.840306,27.280814,25.115366,13.476964,15.648848
14.502980,14.492007,18.023794,24.545001,23.437128,13.834214,15.393634,13.963634,13.991217,17.557035,24.061746,23.040889,13.591337,15.107878,13.709088,13.757234,17.312695,23.766253,22.754395,13.429846,14.967814,13.620381,13.698932,17.225387,23.705429,22.753185,13.442857,14.988665,13.641242,13.727437,17.280826,23.752962,22.758798,13.405265,14.906771,13.562839,13.618813,17.216969,23.664048,22.599927,13.315987,14.820335,13.476764,13.598772,17.158019,23.604873,22.592627,13.327663,14.860998,13.534525,13.621303,17.181402,23.627101,22.646526,13.407213,14.966285
13.426657,16.134047,23.559079,33.699624,25.015669,11.553578,14.226413,13.194927,15.740513,23.045844,33.103300,24.614750,11.359585,13.984861,12.974572,15.499475,22.763398,32.727250,24.328469,11.236416,13.865086,12.902288,15.447291,22.652875,32.644531,24.313602,11.236209,13.870816,12.903727,15.450098,22.679971,32.645298,24.291184,11.204764,13.798026,12.836246,15.339705,22.619174,32.588045,24.168351,11.135360,13.735076,12.763298,15.324182,22.556251,32.502587,24.149252,11.151938,13.769256,12.819997,15.350833,22.579215,32.537435,24.215490,11.213823,13.860283
14.087010,15.042296,23.251164,34.420430,27.990448,13.486315,14.536564,13.369273,14.323500,22.405906,33.470102,27.317524,13.143438,14.145160,13.012883,13.973555,21.962222,32.867585,26.817092,12.918026,13.953130,12.893433,13.894533,21.799181,32.746167,26.802593,12.925520,13.972459,12.910551,13.916498,21.870271,32.794837,26.798434,12.874556,13.858261,12.797084,13.750498,21.759141,32.659451,26.555792,12.746255,13.746524,12.677074,13.721514,21.656993,32.533808,26.527929,12.769933,13.802056,12.767358,13.763566,21.697615,32.584704,26.637455,12.885078,13.950936
19.113596,19.398293,21.766152,30.337213,25.820918,12.919944,18.473751,18.580527,18.814001,21.242036,29.757758,25.389330,12.696715,18.147317,18.263933,18.520478,20.962087,29.413973,25.090057,12.550014,17.987732,18.152243,18.443884,20.861880,29.341531,25.093352,12.565611,18.014282,18.181132,18.486984,20.932974,29.407413,25.097971,12.529688,17.921463,18.088340,18.355263,20.861897,29.295980,24.924422,12.450846,17.821460,17.979888,18.329722,20.790869,29.225093,24.920495,12.458711,17.868432,18.047933,18.353403,20.818901,29.250683,24.972687,12.529478,17.985560
14.904910,16.214080,23.290716,28.611621,24.412083,13.156192,15.271069,14.170882,15.533405,22.592888,27.969968,23.946271,12.892604,14.944242,13.872153,15.234865,22.231668,27.573486,23.601386,12.714592,14.783577,13.767098,15.159712,22.104362,27.494097,23.600716,12.729559,14.809166,13.794545,15.199440,22.192211,27.567288,23.618446,12.691978,14.718284,13.702422,15.060631,22.096830,27.444927,23.425407,12.592940,14.616169,13.599204,15.031289,22.006231,27.364636,23.414005,12.603935,14.662291,13.668083,15.061926,22.041031,27.392760,23.477809,12.691810,14.783197
11.232519,11.953329,15.365923,22.162364,23.044910,11.834545,12.578389,12.651139,13.010371,16.195167,22.982789,23.728261,12.212859,13.032461,13.098425,13.424367,16.639102,23.514978,24.281973,12.495926,13.262914,13.269903,13.543383,16.784331,23.608838,24.253324,12.449593,13.201328,13.190902,13.439151,16.615712,23.418329,24.155366,12.499560,13.327368,13.339733,13.646819,16.757130,23.664905,24.543690,12.662304,13.503545,13.513161,13.704176,16.885504,23.763973,24.546420,12.661282,13.432498,13.409122,13.658528,16.832983,23.733054,24.458113,12.514568,13.251068
13.359403,11.587052,21.596225,23.160951,21.044153,10.868152,14.495444,12.751640,11.156346,21.057766,22.737861,20.722952,10.691849,14.243796,12.530966,10.977052,20.781041,22.471943,20.477592,10.570318,14.118144,12.451989,10.931079,20.683021,22.418005,20.474680,10.579247,14.137652,12.472793,10.955156,20.751914,22.470600,20.494673,10.556980,14.070723,12.405654,10.872855,20.681234,22.391570,20.359735,10.488899,13.989999,12.327769,10.853088,20.608971,22.335365,20.348223,10.495799,14.024484,12.379128,10.871850,20.633543,22.351971,20.391866,10.554622,14.117314
29.102502,37.025388,45.469184,63.360514,47.640173,29.198714,29.593511,26.337528,34.168855,43.006021,60.813950,46.027434,28.178658,28.468423,25.353824,33.012189,41.765961,59.273685,44.843589,27.489217,27.924919,25.006803,32.714155,41.345601,58.979004,44.862769,27.565561,28.029077,25.118546,32.905470,41.692291,59.336535,44.958836,27.424748,27.724634,24.817454,32.369078,41.348515,58.793515,44.255061,27.046032,27.365603,24.479554,32.247815,41.032566,58.496758,44.229847,27.074722,27.522921,24.696784,32.363939,41.159883,58.600303,44.435482,27.413950,27.931452
 7.858807, 7.824879,11.991175,21.454264,19.848789, 8.214064,10.100287,11.250802,10.587773,14.787112,25.008575,22.602065, 9.455916,11.732032,13.003722,12.090257,16.517838,27.519872,24.910787,10.413581,12.628926,13.694319,12.513864,17.162297,28.031638,24.865207,10.300715,12.451183,13.470120,12.240225,16.634056,27.421268,24.685408,10.513051,12.986124,14.094805,13.034590,17.156089,28.366035,26.179207,11.094065,13.639668,14.837403,13.216145,17.658694,28.907923,26.231101,11.043351,13.342799,14.350210,13.038096,17.453474,28.711417,25.770612,10.519935,12.609985
 2.669442, 3.252938, 5.894496,10.049285, 8.727467, 4.110767, 5.229201, 4.267600, 4.772460, 7.598924,12.064929,10.211940, 4.906482, 6.284331, 5.134654, 5.632867, 8.678983,13.511357,11.470237, 5.526714, 6.871091, 5.478772, 5.875832, 9.085529,13.807825,11.444624, 5.453553, 6.755620, 5.368822, 5.720876, 8.758125,13.464890,11.356789, 5.595480, 7.111993, 5.684131, 6.183555, 9.087913,14.009905,12.176198, 5.976133, 7.542692, 6.058858, 6.286821, 9.403499,14.324740,12.203674, 5.940780, 7.344055, 5.810729, 6.182458, 9.272026,14.206129,11.944624, 5.596166, 6.858051
18.383506,18.250540,23.329204,37.725919,29.824783,17.667993,17.338117,17.126894,17.187220,22.357012,36.559510,29.040503,17.185678,16.826581,16.632632,16.733540,21.861117,35.852822,28.470079,16.862492,16.578541,16.459412,16.618324,21.689617,35.712362,28.474125,16.894093,16.621675,16.509109,16.685063,21.816445,35.853325,28.502255,16.821933,16.478275,16.356132,16.473266,21.680517,35.614811,28.169645,16.643847,16.319999,16.190177,16.431941,21.560136,35.480173,28.160092,16.662892,16.391804,16.298466,16.475269,21.608835,35.529993,28.262019,16.821701,16.578453
11.467375,12.310673,17.912824,23.435916,21.499855,11.792692,11.682159,10.575305,11.547379,17.159334,22.716913,20.948833,11.473543,11.336353,10.264790,11.238820,16.777032,22.274078,20.535208,11.255046,11.166296,10.153927,11.158745,16.644883,22.186796,20.536332,11.275625,11.196283,10.187171,11.206557,16.748471,22.286408,20.574107,11.234787,11.104996,10.093340,11.065299,16.647592,22.141711,20.336757,11.113838,10.993156, 9.984246,11.030568,16.546913,22.050823,20.321464,11.123276,11.040682,10.054409,11.062050,16.583304,22.078626,20.392718,11.229289,11.166586
17.257983,17.573795,35.122860,51.795052,39.187336,14.519307,17.024926,17.759749,17.936449,35.575974,52.269765,39.482048,14.636658,17.177066,17.912249,18.074095,35.808849,52.553233,39.698710,14.719559,17.249322,17.968243,18.112833,35.879927,52.601581,39.679509,14.702387,17.227010,17.939248,18.074570,35.789243,52.498157,39.655759,14.724286,17.274003,17.992460,18.146497,35.874020,52.660046,39.826512,14.770599,17.328381,18.043930,18.158563,35.929366,52.696559,39.811026,14.769261,17.304261,18.014657,18.147076,35.898938,52.675984,39.777271,14.725503,17.245385
 8.228112,10.691352,10.537307,15.354233,13.743966, 7.474404, 9.011736, 8.029426,10.416144,10.317266,15.103772,13.547212, 7.361952, 8.873444, 7.909472,10.277427,10.200722,14.957935,13.413970, 7.289088, 8.806587, 7.867563,10.241438,10.159152,14.926255,13.415431, 7.296899, 8.817596, 7.878138,10.261332,10.187389,14.951608,13.412693, 7.276553, 8.776334, 7.842030,10.197910,10.156450,14.901243,13.333150, 7.237569, 8.735699, 7.803351,10.189077,10.129710,14.873845,13.334709, 7.242618, 8.755559, 7.827294,10.198505,10.141058,14.885133,13.357676, 7.277584, 8.804795
18.044142,18.541771,20.104545,27.444841,22.832683,13.898978,14.824706,16.466704,17.267528,19.172338,26.517944,22.191714,13.491208,14.348101,15.953660,16.779347,18.702460,25.960977,21.716802,13.207768,14.116031,15.765706,16.643706,18.547505,25.857068,21.735289,13.249692,14.170856,15.841351,16.751052,18.708572,26.033304,21.800517,13.197582,14.047385,15.687770,16.527036,18.574432,25.804592,21.492910,13.043449,13.882561,15.502784,16.465532,18.443300,25.696080,21.486801,13.045040,13.950046,15.612227,16.511844,18.494714,25.728176,21.558709,13.182659,14.121780
 8.343075, 8.715906,10.713641,15.421285,14.149167, 8.512598, 8.491940, 8.143598, 8.507471,10.518279,15.205911,13.978086, 8.405261, 8.379039, 8.037863, 8.406407,10.414423,15.075618,13.856117, 8.333736, 8.322995, 8.000219, 8.380046,10.376722,15.047654,13.855641, 8.339978, 8.331460, 8.009168, 8.393591,10.401955,15.071465,13.859245, 8.323945, 8.300190, 7.978348, 8.348597,10.376623,15.032661,13.791342, 8.285114, 8.265299, 7.941579, 8.339070,10.349778,15.004633,13.787762, 8.289204, 8.281186, 7.964935, 8.347683,10.359375,15.013651,13.808968, 8.323245, 8.321796
 8.419182, 8.490361, 9.197903,14.195940,15.454857, 5.276010, 8.606239, 7.837808, 8.050892, 8.888940,13.865583,15.163851, 5.162371, 8.412445, 7.662741, 7.887784, 8.733748,13.663949,14.943109, 5.082460, 8.317360, 7.598334, 7.842586, 8.682408,13.625399,14.949076, 5.093118, 8.338951, 7.623708, 7.877160, 8.733988,13.687086,14.979575, 5.078423, 8.288242, 7.569975, 7.801079, 8.689375,13.604414,14.836655, 5.034306, 8.221554, 7.508194, 7.781679, 8.647571,13.566221,14.834283, 5.035845, 8.248373, 7.544712, 7.796624, 8.663012,13.577084,14.867392, 5.074401, 8.318773
16.798049,17.403437,18.696660,24.411286,23.406351,10.420715,15.521564,16.254616,16.875765,18.265639,23.981816,23.052316,10.253384,15.264001,15.990424,16.623514,18.036995,23.712548,22.789985,10.141431,15.135470,15.898161,16.561477,17.952906,23.656167,22.784020,10.147380,15.151065,15.915573,16.586109,17.999810,23.693616,22.791944,10.124442,15.080233,15.836474,16.471832,17.945810,23.627221,22.658267,10.061955,15.002070,15.743662,16.446660,17.887002,23.567055,22.643422,10.070429,15.037853,15.807470,16.473173,17.906977,23.586572,22.694253,10.125088,15.133085
12.828178,14.260867,21.247769,26.364791,32.526869,13.120463,15.237757,11.945665,13.437315,20.384353,25.566252,31.702473,12.768265,14.800235,11.605209,13.090356,19.945950,25.086257,31.106444,12.532135,14.588609,11.485426,13.001186,19.795385,24.990644,31.113510,12.557094,14.627170,11.521513,13.055323,19.911283,25.091443,31.143119,12.503077,14.503752,11.415782,12.892840,19.788653,24.921426,30.787268,12.373482,14.367726,11.302205,12.862001,19.683284,24.832464,30.782242,12.386597,14.429353,11.375089,12.893870,19.727012,24.865979,30.886097,12.502247,14.588339
 9.724931, 9.640608,12.238841,16.399124,19.971628, 8.994618, 8.845723, 8.993881, 9.034760,11.697103,15.864875,19.428637, 8.731412, 8.565236, 8.715156, 8.778574,11.421506,15.539980,19.031627, 8.554983, 8.429302, 8.617765, 8.714096,11.326270,15.475738,19.033590, 8.571540, 8.452511, 8.645273, 8.750674,11.395503,15.538871,19.053354, 8.532554, 8.373956, 8.558602, 8.630762,11.319955,15.430900,18.824047, 8.434984, 8.287291, 8.464942, 8.607197,11.253186,15.368829,18.816033, 8.445686, 8.326582, 8.526678, 8.632379,11.280177,15.391961,18.888082, 8.532759, 8.429275
11.427511,11.647721,13.916335,20.632635,22.522433,13.818986,14.889993,13.506355,13.279126,15.206698,21.986117,23.739116,14.606700,15.821763,14.338617,14.022058,15.925598,22.878887,24.707946,15.181059,16.301056,14.649502,14.222231,16.177126,23.052396,24.687655,15.113465,16.202906,14.542193,14.087381,15.962690,22.834024,24.606969,15.240269,16.487775,14.827972,14.467074,16.182056,23.182961,25.229822,15.576423,16.822922,15.139510,14.545323,16.369999,23.352693,25.238654,15.545149,16.673501,14.937119,14.464744,16.291349,23.288115,25.057847,15.243289,16.290975
11.526469,12.210485,15.737535,21.832560,24.826659,10.468864,13.276799,12.009852,12.555031,15.998158,22.076750,25.044349,10.569827,13.421906,12.138988,12.675466,16.132686,22.230448,25.219276,10.645814,13.493647,12.188845,12.711517,16.173802,22.255312,25.204711,10.630115,13.470428,12.161141,12.674103,16.114608,22.187108,25.164553,10.642967,13.509233,12.203880,12.734701,16.160349,22.271145,25.299349,10.685983,13.567144,12.253286,12.752467,16.199990,22.297003,25.296032,10.687919,13.544812,12.225744,12.740036,16.183078,22.289165,25.271727,10.648684,13.488265
15.887467,17.333877,25.429018,34.142087,26.971390,13.549406,16.748825,15.344530,16.801057,24.854486,33.558724,26.575052,13.340471,16.476038,15.098469,16.555088,24.553269,33.196738,26.283216,13.200441,16.341482,15.012600,16.494202,24.445160,33.122665,26.280429,13.210510,16.360709,15.032155,16.522650,24.511996,33.179233,26.288639,13.179423,16.283162,14.955920,16.407966,24.434110,33.074741,26.129882,13.101247,16.200002,14.871668,16.385678,24.360404,33.000684,26.119730,13.111709,16.238681,14.929051,16.410763,24.388598,33.027551,26.175592,13.181008,16.340165
10.384605,10.679285,12.304043,22.202613,18.792811, 8.413964,10.947528,10.696303,10.860657,12.406538,22.307662,18.855057, 8.446713,11.001056,10.748130,10.906716,12.454928,22.374182,18.911553, 8.474200,11.026853,10.769280,10.921979,12.466980,22.381853,18.902572, 8.465828,11.014364,10.752277,10.900481,12.438218,22.336239,18.878760, 8.469238,11.028054,10.771453,10.926160,12.459227,22.389564,18.934206, 8.485187,11.052843,10.791371,10.934409,12.473551,22.396006,18.929485, 8.487669,11.044456,10.781668,10.929221,12.466453,22.394252,18.924286, 8.472973,11.022993
 8.251189, 9.301930,10.990240,16.552084, 7.364179, 3.715815, 9.125338, 9.010797,10.133213,11.743240,17.410258, 7.718086, 3.918130, 9.586104, 9.453428,10.582475,12.173259,17.969565, 7.986399, 4.058264, 9.821130, 9.611288,10.694602,12.332079,18.084267, 7.986465, 4.046852, 9.786287, 9.575533,10.641810,12.236141,18.003104, 7.986117, 4.082258, 9.932373, 9.723293,10.865793,12.354566,18.173860, 8.139521, 4.163562,10.081399, 9.883687,10.903333,12.460945,18.288664, 8.146026, 4.151104,10.007672, 9.771606,10.854882,12.415973,18.240140, 8.089370, 4.077229, 9.820544
 9.136584,12.034376,16.517995,28.979780,26.185521,13.686088,12.914850,12.673872,15.589456,19.714040,32.945626,29.159540,15.331062,14.628818,14.316065,17.392993,21.628824,35.688705,31.623006,16.586549,15.553120,14.957606,17.901644,22.322789,36.237064,31.562529,16.429309,15.358921,14.733205,17.552090,21.717950,35.523832,31.341990,16.705510,15.908033,15.314195,18.499121,22.307495,36.614654,32.969049,17.458658,16.582034,15.985530,18.711137,22.848357,37.175086,33.000775,17.398186,16.281266,15.553273,18.506827,22.625178,36.971228,32.531271,16.721079,15.531592
20.757466,21.128896,27.727241,44.215550,36.249047,19.200195,19.041463,20.143972,20.537486,27.134219,43.493816,35.736796,18.919270,18.745619,19.838400,20.251043,26.821295,43.044775,35.361828,18.732823,18.599659,19.733067,20.182170,26.707292,42.952153,35.355859,18.744037,18.618071,19.753173,20.209418,26.769193,43.008358,35.357985,18.701293,18.532527,19.658158,20.075813,26.689647,42.890079,35.162466,18.597031,18.444528,19.553807,20.051217,26.614725,42.796997,35.147249,18.612788,18.486939,19.627287,20.081702,26.644369,42.832652,35.222728,18.705858,18.597714
30.334385,27.560728,29.320333,37.830454,32.997249,20.586204,28.505662,27.586571,25.544679,27.823077,36.405905,31.955334,19.912243,27.501112,26.635900,24.739120,27.072605,35.550840,31.195092,19.456492,27.018012,26.299818,24.529921,26.820916,35.387464,31.212066,19.511174,27.115572,26.413846,24.670798,27.036867,35.593947,31.271338,19.413215,26.838819,26.118823,24.293012,26.821379,35.272918,30.804879,19.163299,26.517529,25.796673,24.213011,26.634878,35.116046,30.798167,19.181951,26.659171,26.000912,24.290609,26.713548,35.173939,30.927910,19.406666,27.024080
34.203124,36.687472,41.230500,56.469257,45.401865,32.800877,43.309667,42.148698,42.841867,45.648109,60.714844,48.189106,34.895187,46.378603,45.078263,45.536658,48.108670,63.537463,50.455115,36.457663,47.970163,46.196508,46.286286,48.956263,64.076723,50.388509,36.251258,47.610839,45.765484,45.730379,48.150667,63.276024,50.127526,36.575078,48.535874,46.779151,47.116943,48.923668,64.463059,51.642445,37.492548,49.693216,47.903569,47.430500,49.589695,64.993365,51.655548,37.431657,49.196072,47.193892,47.135567,49.313023,64.803595,51.252896,36.610309,47.925384
13.025072,13.808789,14.815745,21.003619,26.140708, 7.659391,13.017986,12.775753,13.584630,14.639649,20.820848,25.950142, 7.598117,12.912178,12.674001,13.485736,14.550992,20.712379,25.816224, 7.558255,12.861137,12.639141,13.461660,14.519370,20.688029,25.813431, 7.560702,12.867711,12.646079,13.471432,14.535717,20.699434,25.806125, 7.548860,12.834468,12.612625,13.423620,14.510419,20.663843,25.729761, 7.526812,12.805466,12.582821,13.420015,14.494257,20.646483,25.732308, 7.531404,12.820090,12.602798,13.427253,14.501621,20.654929,25.756960, 7.550573,12.858413
14.936883,14.664879,19.089824,25.023046,24.898818,13.515721,14.626122,14.384650,14.161693,18.597598,24.531104,24.478555,13.277982,14.354225,14.123184,13.925022,18.340246,24.230327,24.175407,13.120817,14.221114,14.032672,13.866845,18.247764,24.167746,24.172466,13.132136,14.239611,14.052274,13.893129,18.302670,24.211106,24.174795,13.094733,14.161052,13.971421,13.783135,18.235998,24.123812,24.009759,13.007690,14.080227,13.883958,13.763891,18.175220,24.063609,24.001588,13.020207,14.118693,13.943342,13.786641,18.199249,24.086710,24.059633,13.097625,14.218832
 9.797357,10.934802,13.284129,17.892875,13.715303,10.398555,11.707391,10.953646,11.924240,14.074317,18.655664,14.205529,10.787047,12.185059,11.390510,12.351069,14.505029,19.140242,14.584021,11.067901,12.426144,11.554763,12.471056,14.650598,19.232266,14.568066,11.025748,12.368425,11.488274,12.376094,14.503409,19.085450,14.526268,11.086938,12.508698,11.632591,12.588499,14.636359,19.298291,14.785027,11.246703,12.682788,11.794698,12.636282,14.752838,19.387779,14.782467,11.238990,12.607835,11.696829,12.595362,14.703895,19.355630,14.719597,11.094681,12.419321
 3.780649, 5.696850, 7.760884,11.298339, 9.360102, 5.615536, 5.537195, 5.674400, 7.885506, 9.744201,13.353885,10.808525, 6.558736, 6.551172, 6.680687, 9.099041,10.982608,14.810730,12.022841, 7.286992, 7.109904, 7.077387, 9.440689,11.445497,15.108942,11.998139, 7.200853, 6.999666, 6.949942, 9.221605,11.070665,14.762063,11.913252, 7.367433, 7.337701, 7.311752, 9.867896,11.447020,15.312741,12.702645, 7.810799, 7.744552, 7.738712,10.010579,11.804308,15.625714,12.726442, 7.769850, 7.557588, 7.457669, 9.867321,11.655931,15.508481,12.480882, 7.369231, 7.098362
 7.182184, 7.758753,10.877723,19.370213,22.051114, 6.813438,11.354007, 9.569394, 9.814998,12.774309,21.754351,24.293826, 7.589791,12.697566,10.687640,10.850668,13.897756,23.374935,26.115297, 8.174013,13.413746,11.120550,11.142020,14.302344,23.699094,26.066381, 8.098959,13.262237,10.968563,10.939736,13.947522,23.277024,25.913831, 8.230640,13.689211,11.358043,11.476976,14.290845,23.926464,27.119832, 8.577165,14.206342,11.805743,11.594163,14.604116,24.253372,27.134492, 8.549556,13.974577,11.520433,11.482466,14.474146,24.133122,26.793472, 8.237437,13.398189
 8.996361, 9.369735,11.483697,18.033070,16.076845, 7.787748, 9.424363, 9.287921, 9.581665,11.639845,18.201709,16.198001, 7.852703, 9.512499, 9.373454, 9.660883,11.724347,18.313631,16.299963, 7.902246, 9.557762, 9.406790, 9.684496,11.751949,18.331995,16.294479, 7.894003, 9.545272, 9.390563, 9.662573,11.716500,18.285288,16.267421, 7.898873, 9.565798, 9.416381, 9.699793,11.740060,18.332727,16.335889, 7.927255, 9.602353, 9.453270, 9.715583,11.769961,18.359110,16.342099, 7.929203, 9.589194, 9.431584, 9.705463,11.760168,18.353872,16.326592, 7.903843, 9.554595
13.942354,12.037669,14.004017,22.734048,23.623332, 8.654716,12.758609,14.410114,12.267418,14.128678,22.852524,23.706360, 8.690127,12.825034,14.483012,12.322188,14.190359,22.927709,23.785374, 8.722720,12.858739,14.516482,12.344466,14.205039,22.935024,23.768196, 8.709981,12.838783,14.484969,12.308714,14.156635,22.860704,23.715043, 8.709381,12.849401,14.506288,12.334655,14.180096,22.926472,23.798629, 8.727278,12.887469,14.542436,12.352317,14.207479,22.940639,23.796936, 8.734902,12.877230,14.528424,12.346317,14.197645,22.941762,23.795478, 8.718694,12.852058
12.605634,12.441592,13.985335,20.076426,18.017909, 9.231491,12.827898,12.407936,12.150091,13.686653,19.729056,17.736749, 9.080575,12.619347,12.209258,11.968330,13.521187,19.508659,17.534773, 8.984657,12.514401,12.143484,11.928597,13.454951,19.458404,17.521293, 8.982649,12.517352,12.142483,11.928304,13.468945,19.457247,17.507382, 8.960258,12.457334,12.084555,11.848475,13.437686,19.431991,17.426882, 8.906488,12.403075,12.017177,11.834927,13.398394,19.377572,17.409243, 8.919192,12.431510,12.068906,11.854670,13.410202,19.396774,17.455053, 8.965942,12.508757
14.201293,14.940758,16.017621,21.284975,19.893751,12.126611,15.722191,14.378600,15.063148,16.102143,21.354279,19.946989,12.164646,15.778930,14.433306,15.115786,16.145795,21.410473,19.998989,12.190809,15.807272,14.449402,15.122911,16.162446,21.420482,20.005849,12.195720,15.808852,14.451651,15.129904,16.166306,21.431341,20.010169,12.201719,15.829035,14.475400,15.161639,16.179250,21.434908,20.027169,12.220280,15.841761,14.491096,15.163028,16.184230,21.444271,20.032919,12.211720,15.833879,14.473063,15.152269,16.182064,21.438111,20.015226,12.195380,15.806992
14.989041,15.736120,18.428502,27.070356,24.390744,15.541238,17.095089,16.081497,16.612585,19.102580,27.780228,24.919293,15.894136,17.522480,16.473594,16.977648,19.464714,28.226845,25.325727,16.148711,17.736109,16.620715,17.080738,19.584873,28.309070,25.305406,16.107881,17.682139,16.557695,16.994811,19.455621,28.164215,25.253335,16.161084,17.804545,16.685623,17.175007,19.568182,28.365968,25.534801,16.304813,17.961083,16.831242,17.218159,19.667868,28.447851,25.531966,16.300509,17.894696,16.744274,17.182684,19.625672,28.419045,25.466082,16.169951,17.727987
 9.707205,10.526338,16.435904,25.088708,18.937367, 9.786756,11.533126,10.886483,11.442395,17.321326,26.023776,19.517116,10.111275,11.956494,11.280144,11.815044,17.795345,26.628912,19.979882,10.349119,12.170349,11.427827,11.917890,17.953709,26.740094,19.962929,10.315600,12.119439,11.367401,11.837260,17.793655,26.558090,19.902862,10.363293,12.242245,11.500667,12.025941,17.943298,26.820360,20.214924,10.500719,12.397849,11.647061,12.069759,18.070316,26.929930,20.216068,10.493442,12.332035,11.555728,12.029559,18.016915,26.890861,20.136750,10.369843,12.162653
14.241053,14.730239,19.797820,28.558391,26.448852,15.780973,15.910962,15.644946,15.732001,20.623536,29.362936,27.047696,16.163752,16.349787,16.071846,16.120567,21.054505,29.888091,27.534087,16.443561,16.569657,16.229198,16.223545,21.197563,29.983983,27.522382,16.409674,16.520502,16.167854,16.148157,21.063486,29.842946,27.464883,16.466899,16.650050,16.317470,16.349575,21.203269,30.064746,27.785723,16.631026,16.805569,16.469177,16.390207,21.309473,30.152857,27.786273,16.616319,16.738930,16.370292,16.346408,21.263578,30.118427,27.698739,16.469850,16.562310
 6.257197, 6.094258, 9.107040,11.685898,12.783150, 5.702388, 7.006697, 6.776589, 6.471880, 9.457838,12.002008,13.064374, 5.843755, 7.195381, 6.955978, 6.627839, 9.646617,12.207014,13.288562, 5.946984, 7.290563, 7.022983, 6.670650, 9.709811,12.243642,13.279717, 5.932257, 7.267912, 6.995651, 6.636928, 9.645365,12.181145,13.248210, 5.951499, 7.321116, 7.054962, 6.714638, 9.703190,12.266464,13.396200, 6.010897, 7.390922, 7.123502, 6.734888, 9.756451,12.306049,13.399964, 6.008669, 7.361525, 7.080233, 6.716930, 9.734487,12.292577,13.360658, 5.954730, 7.286188
 9.781422,10.359251,14.354186,20.349833,16.077516, 7.863852,10.278857, 9.896878,10.462581,14.451016,20.453715,16.147803, 7.901417,10.331342, 9.945279,10.507792,14.505232,20.518625,16.200830, 7.928445,10.356978, 9.963378,10.521001,14.522339,20.528667,16.195496, 7.922554,10.348871, 9.953744,10.507289,14.498953,20.501960,16.186216, 7.928043,10.363655, 9.969292,10.529895,14.516410,20.535449,16.226292, 7.943207,10.384002, 9.988452,10.536509,14.533393,20.547800,16.225596, 7.943749,10.375389, 9.977339,10.531710,14.525821,20.543199,16.216911, 7.929156,10.354564
16.842069,18.835919,29.888455,49.384088,36.191891,19.327394,21.084499,18.493045,20.056458,31.014003,50.635309,36.915470,19.737880,21.598652,18.937553,20.488370,31.596534,51.422771,37.497090,20.048003,21.856229,19.111211,20.618935,31.778348,51.559471,37.456000,19.987543,21.776732,19.019016,20.489425,31.528851,51.219839,37.327816,20.040116,21.913686,19.164511,20.703376,31.722064,51.639373,37.769065,20.215027,22.118667,19.333974,20.765310,31.891958,51.774701,37.758865,20.221777,22.040634,19.241323,20.724049,31.822805,51.737484,37.681770,20.065514,21.842032
16.480268,16.401551,17.177300,23.792756,22.537751,15.245246,15.977119,15.447939,15.629763,16.642691,23.271208,22.133350,14.959042,15.644947,15.129412,15.334668,16.374056,22.945661,21.821254,14.759261,15.480408,15.014324,15.257265,16.282027,22.881594,21.821174,14.777643,15.510317,15.050792,15.304928,16.356957,22.959121,21.855653,14.742293,15.423143,14.952520,15.167843,16.284074,22.848458,21.673395,14.630406,15.313375,14.840588,15.133914,16.213781,22.783236,21.662191,14.639028,15.358576,14.912029,15.164340,16.238442,22.802147,21.714629,14.735740,15.480599
10.524362,10.063965,11.939455,20.769998,20.052476, 5.217245, 9.893017,10.323938, 9.828946,11.706111,20.448082,19.778119, 5.136912, 9.747961,10.179194, 9.702090,11.580637,20.259480,19.592695, 5.085147, 9.677529,10.128985, 9.669753,11.535055,20.218558,19.594064, 5.090299, 9.688157,10.140060, 9.685933,11.563455,20.247319,19.588204, 5.075994, 9.644814,10.096949, 9.628405,11.531322,20.187948,19.482278, 5.048291, 9.602376,10.048996, 9.619706,11.501729,20.150398,19.481857, 5.051908, 9.623594,10.079729, 9.629344,11.514429,20.165890,19.515593, 5.077009, 9.675645
11.676206,10.942618,12.920115,16.095089,21.933260, 7.639894,10.935590,11.095562,10.479479,12.525970,15.732181,21.521368, 7.482553,10.702098,10.863917,10.277937,12.326013,15.513014,21.224818, 7.378590,10.589214,10.784036,10.228513,12.255792,15.467438,21.222718, 7.386586,10.606030,10.803105,10.252280,12.298964,15.499688,21.222822, 7.360104,10.536750,10.728828,10.156150,12.243068,15.428703,21.054312, 7.302426,10.468452,10.655225,10.142605,12.200115,15.389734,21.052619, 7.311482,10.501194,10.704894,10.160888,12.218659,15.406415,21.108128, 7.362639,10.586827
18.016467,20.592754,29.721874,44.600389,26.392889,14.073158,17.098706,16.021997,18.762339,27.892416,42.584041,25.380035,13.504743,16.354489,15.335840,18.033593,26.980885,41.366425,24.636164,13.122019,15.996232,15.095271,17.847959,26.672220,41.133411,24.645446,13.162179,16.062923,15.170672,17.963399,26.919459,41.404422,24.703028,13.084064,15.861743,14.959962,17.625246,26.666661,40.983016,24.266608,12.873702,15.627108,14.726721,17.550218,26.438408,40.750478,24.249495,12.890978,15.730143,14.878247,17.624463,26.530856,40.832730,24.379950,13.079082,15.999432
12.093647,11.908710,15.598126,17.210278, 8.678359, 7.312640,14.323445,15.048092,13.995240,17.278778,18.512501, 9.236698, 7.806632,15.347775,16.096224,14.878519,18.217562,19.372904, 9.692673, 8.181864,15.881277,16.506957,15.138782,18.534360,19.532220, 9.670731, 8.121338,15.742613,16.324125,14.916775,18.177908,19.227586, 9.594651, 8.189755,16.034345,16.673864,15.360881,18.470976,19.620271, 9.914728, 8.407015,16.444053,17.095133,15.485145,18.750710,19.789287, 9.917781, 8.405369,16.278000,16.845578,15.390982,18.640182,19.738829, 9.845201, 8.210663,15.859277
11.249444,10.668409,12.621152,15.472584,10.088685, 7.255200,10.707012,10.557563,10.082666,12.110250,15.000487, 9.817273, 7.050243,10.395823,10.256754, 9.817808,11.846048,14.710526, 9.619196, 6.914113,10.244126,10.152823, 9.753059,11.752399,14.652312, 9.618003, 6.924394,10.266364,10.177157, 9.784001,11.811248,14.698006, 9.623672, 6.894117,10.178541,10.084240, 9.660914,11.742197,14.613272, 9.515883, 6.818537,10.084684, 9.982376, 9.636966,11.678150,14.554936, 9.509211, 6.828341,10.128490,10.052067, 9.664372,11.703536,14.576864, 9.547355, 6.895929,10.243302
11.965020,13.454513,18.695350,30.654704,23.542825,12.423252,12.389448,14.248938,15.527603,20.652742,32.980196,25.050124,13.264562,13.304139,15.262338,16.523359,21.763546,34.504732,26.230525,13.875066,13.776209,15.642050,16.794271,22.156490,34.807463,26.201712,13.799840,13.679636,15.513357,16.611903,21.824938,34.439350,26.123360,13.943325,13.965040,15.859177,17.118868,22.161446,35.039879,26.889598,14.298629,14.293888,16.240002,17.218919,22.452559,35.332672,26.892728,14.265371,14.144252,15.995672,17.117053,22.328555,35.217981,26.672812,13.944567,13.768267
 8.698516, 9.167175,10.892767,16.081511,17.786901, 7.053592, 9.881910,10.518998,10.570484,11.949194,17.163288,18.756194, 7.481140,10.526590,11.185645,11.175673,12.534556,17.872232,19.534206, 7.799184,10.858689,11.441055,11.347464,12.733558,18.005554,19.503286, 7.752321,10.778501,11.335924,11.210954,12.529366,17.784285,19.401465, 7.816587,10.968098,11.561229,11.517440,12.712438,18.094721,19.933612, 8.000905,11.213744,11.818678,11.591919,12.876023,18.228983,19.935560, 7.993189,11.110006,11.661124,11.528120,12.808587,18.183187,19.803954, 7.827431,10.847396
 8.340009,10.513062,11.069029,18.132861,18.072436, 7.968359, 9.872650, 8.690231,10.780386,11.224653,18.291632,18.192129, 8.028479, 9.960079, 8.768077,10.865490,11.303365,18.396614,18.296614, 8.075093,10.004043, 8.798198,10.890357,11.327640,18.413919,18.291763, 8.067639, 9.991251, 8.782411,10.866462,11.295103,18.369700,18.263441, 8.073240,10.012867, 8.808322,10.909168,11.320346,18.421579,18.339042, 8.100551,10.047785, 8.838018,10.922740,11.343857,18.440726,18.340852, 8.100949,10.035545, 8.820954,10.913189,11.335955,18.436666,18.326105, 8.077290,10.001281
22.565013,21.877956,25.365785,32.036272,32.136424,23.839053,23.654665,23.355046,22.513442,25.889951,32.523676,32.550330,24.159169,24.000744,23.690389,22.807971,26.173277,32.840363,32.869855,24.380122,24.172537,23.807450,22.879166,26.273213,32.901064,32.869563,24.362653,24.145090,23.776814,22.842968,26.208623,32.851623,32.860592,24.415589,24.252060,23.891931,22.992961,26.291548,32.954846,33.045849,24.544854,24.361612,24.007606,23.017404,26.357596,33.013802,33.052500,24.524380,24.308936,23.925077,22.983357,26.328869,32.987523,32.985057,24.406954,24.169880
16.843869,17.516830,18.702507,24.558170,22.496974,12.718996,17.446690,16.906618,17.503903,18.654665,24.498099,22.441868,12.688115,17.409284,16.870837,17.467917,18.627791,24.461821,22.408577,12.672643,17.391016,16.862034,17.464072,18.613791,24.449899,22.400286,12.667130,17.384596,16.851769,17.450180,18.599788,24.426074,22.379569,12.658635,17.368958,16.839960,17.433815,18.597013,24.435837,22.378147,12.649859,17.367840,16.833654,17.438717,18.597866,24.428118,22.375557,12.657325,17.372577,16.842933,17.441540,18.597783,24.433739,22.387144,12.664576,17.386081
18.159662,17.004038,18.354408,26.205731,26.093222,13.168561,17.806057,17.051310,16.089993,17.630248,25.427429,25.434106,12.819849,17.309591,16.587339,15.688106,17.257296,24.958633,24.959996,12.586916,17.069065,16.424454,15.585414,17.128335,24.865852,24.966372,12.611751,17.112282,16.472220,15.646927,17.226357,24.962648,24.988741,12.558952,16.972805,16.329978,15.460465,17.124325,24.802167,24.709717,12.431396,16.817919,16.172228,15.423021,17.031898,24.711657,24.702487,12.443615,16.888707,16.274281,15.461066,17.070181,24.745660,24.787209,12.558511,17.069848
18.674625,16.678556,21.525115,30.570051,29.320351,12.759295,16.878953,18.696413,16.563652,21.345335,30.341831,29.115385,12.668600,16.764272,18.575267,16.463064,21.242587,30.206924,28.983835,12.614606,16.708133,18.536720,16.441542,21.200124,30.172865,28.975496,12.613943,16.708511,18.532723,16.438986,21.203454,30.161432,28.947829,12.595073,16.670591,18.497060,16.394508,21.183434,30.144222,28.893318,12.565976,16.645475,18.461219,16.393437,21.164641,30.114459,28.889349,12.575233,16.661785,18.488776,16.400512,21.172093,30.128686,28.919660,12.601155,16.702916
11.624595,10.533704,12.867330,15.713168,13.443345, 5.960814,12.027780,10.457845, 9.642257,12.096207,15.014009,12.933385, 5.710524,11.520536,10.020958, 9.270746,11.706785,14.589780,12.560519, 5.543211,11.275966, 9.868981, 9.177670,11.573118,14.507823,12.563312, 5.559291,11.318451, 9.912830, 9.231517,11.672688,14.593144,12.586164, 5.524114,11.179575, 9.778675, 9.059176,11.566990,14.454134,12.372760, 5.431897,11.022343, 9.630421, 9.022334,11.470172,14.371468,12.362673, 5.440900,11.092906, 9.728583, 9.060539,11.509130,14.401517,12.430561, 5.523617,11.277542
13.887003,16.514855,16.418530,23.580762,28.334181,11.528584,14.817629,14.175871,16.664997,16.459734,23.594436,28.326392,11.528809,14.830731,14.189302,16.676559,16.476822,23.608475,28.343596,11.538574,14.838281,14.199601,16.687018,16.476348,23.603654,28.328820,11.528731,14.824611,14.179902,16.658063,16.443587,23.554354,28.279152,11.521544,14.820599,14.184156,16.665165,16.454904,23.589391,28.320887,11.527538,14.840413,14.197913,16.680383,16.470048,23.591655,28.320773,11.536286,14.837813,14.194675,16.676049,16.464761,23.595789,28.327576,11.530557,14.831264
14.816223,15.011570,18.243957,24.341996,23.108249,14.638619,14.174802,13.635898,13.995382,17.361037,23.464406,22.402796,14.173535,13.687119,13.175788,13.563909,16.910866,22.931029,21.887297,13.861480,13.450568,13.014577,13.454500,16.755369,22.826487,21.891208,13.891964,13.491821,13.061136,13.518246,16.871823,22.935403,21.922005,13.825571,13.357580,12.920142,13.318269,16.750188,22.759150,21.624643,13.653636,13.205410,12.763259,13.275846,16.637632,22.654573,21.611929,13.670384,13.273666,12.866036,13.318841,16.682310,22.691903,21.704540,13.824017,13.451520
11.564045,12.072066,15.143306,20.815170,18.151568,10.547718,11.807173,11.038867,11.622672,14.749759,20.418661,17.859857,10.369429,11.593030,10.841723,11.433270,14.548449,20.177231,17.645588,10.248607,11.488045,10.771616,11.384295,14.478446,20.128138,17.646378,10.260240,11.506258,10.791848,11.412763,14.530822,20.178109,17.658477,10.233884,11.446574,10.730998,11.324732,14.476023,20.096141,17.533043,10.167203,11.378990,10.663925,11.306870,14.426379,20.049377,17.529113,10.173895,11.409005,10.706895,11.324467,14.445677,20.065645,17.566307,10.232638,11.487212
22.026165,22.494626,24.963596,33.048428,19.066654,15.778205,23.534174,22.744921,22.882933,25.147938,33.182180,19.114322,15.822111,23.625085,22.827424,22.951262,25.228843,33.248800,19.153282,15.864255,23.665543,22.868092,22.986333,25.239924,33.251156,19.133567,15.836519,23.625155,22.813340,22.912984,25.153072,33.140775,19.097542,15.841872,23.644850,22.842413,22.951790,25.199773,33.257743,19.168668,15.863111,23.701360,22.876352,22.969852,25.229643,33.253751,19.153434,15.877237,23.685952,22.874446,22.970094,25.212657,33.257444,19.160395,15.856447,23.654164
13.041285,14.643754,19.523552,27.975501,26.613519, 7.856424,14.386006,13.445645,14.897305,19.691248,28.107331,26.701422, 7.889719,14.462254,13.521189,14.972791,19.775998,28.217174,26.805955, 7.918453,14.502942,13.549364,14.990726,19.803538,28.231666,26.808663, 7.917692,14.495159,13.538213,14.979351,19.777765,28.200523,26.773451, 7.916789,14.512055,13.566322,15.020529,19.803284,28.231354,26.828721, 7.936054,14.543771,13.598842,15.036936,19.830671,28.256260,26.844522, 7.934739,14.533177,13.573543,15.020043,19.823086,28.251353,26.821033, 7.918236,14.498185
 6.673544, 6.205299, 6.863255, 9.331363, 7.889535, 6.249165, 7.181064, 5.928632, 5.624069, 6.407021, 8.881177, 7.562719, 5.977721, 6.849361, 5.653025, 5.382459, 6.177331, 8.607419, 7.323158, 5.796640, 6.689302, 5.557476, 5.322496, 6.098105, 8.554218, 7.323691, 5.812635, 6.715799, 5.583719, 5.355480, 6.154745, 8.606458, 7.337752, 5.775121, 6.625485, 5.499352, 5.243890, 6.093346, 8.520242, 7.203499, 5.675202, 6.523499, 5.405954, 5.219870, 6.036388, 8.466191, 7.195740, 5.685504, 6.569246, 5.468399, 5.245095, 6.058897, 8.485593, 7.239836, 5.774813, 6.689770
22.391681,18.737064,32.535974,44.543548,38.857647,12.815697,20.159607,20.810389,17.631180,31.209669,43.194876,37.868906,12.467798,19.580713,20.228940,17.178252,30.536444,42.386748,37.151271,12.231795,19.300550,20.021291,17.058154,30.309232,42.229462,37.168774,12.261324,19.358190,20.092850,17.140937,30.508737,42.432947,37.225387,12.210012,19.198641,19.914337,16.929957,30.317433,42.123856,36.778326,12.081135,19.011744,19.716064,16.885038,30.147490,41.973714,36.774968,12.090084,19.093700,19.838723,16.925905,30.217298,42.026831,36.893374,12.205372,19.303377
 7.873387, 9.537757,11.995407,20.487923,20.278753,11.135299,10.694280,10.208478,11.537461,13.580241,22.330873,21.764893,12.011276,11.637200,11.097004,12.438596,14.472786,23.577097,22.988303,12.665973,12.130287,11.434531,12.683649,14.785852,23.819490,22.966476,12.591052,12.028311,11.315428,12.517763,14.515672,23.506954,22.848391,12.730580,12.320168,11.629692,12.988688,14.794971,24.002269,23.642663,13.120724,12.671412,11.969890,13.087692,15.029997,24.237977,23.656621,13.084210,12.517332,11.747662,12.984984,14.932576,24.149939,23.426501,12.736426,12.119534
15.247767,16.442204,19.528254,27.465910,29.297964, 9.328903,15.852927,15.578933,16.647902,19.655892,27.572448,29.381109, 9.360804,15.918259,15.643969,16.709782,19.719643,27.649154,29.462818, 9.386651,15.950831,15.668333,16.726056,19.738340,27.658694,29.458186, 9.382667,15.940908,15.654813,16.709857,19.712700,27.628383,29.433744, 9.385062,15.958081,15.679427,16.744487,19.736170,27.665703,29.491517, 9.401243,15.985163,15.705264,16.755353,19.754754,27.678307,29.494764, 9.401123,15.975073,15.687555,16.744558,19.746765,27.674020,29.479053, 9.386246,15.946551
13.215011,13.216996,15.726478,22.151880,22.221746, 6.496982,13.815090,12.977751,12.981159,15.501927,21.910649,22.011229, 6.428711,13.674294,12.847609,12.860882,15.385561,21.764303,21.863750, 6.385443,13.605937,12.804660,12.834059,15.341805,21.730808,21.856828, 6.386057,13.610729,12.807859,12.838218,15.354571,21.732707,21.841200, 6.372926,13.565609,12.765342,12.780607,15.324588,21.698687,21.769160, 6.348693,13.530057,12.726969,12.776926,15.303982,21.672153,21.767130, 6.355080,13.549632,12.755682,12.787445,15.313079,21.685288,21.798706, 6.376339,13.601578
 4.599277, 5.307571, 6.921672,11.728784, 8.653941, 4.237113, 6.845427, 6.312245, 7.097062, 8.579611,13.762964, 9.967097, 4.958164, 8.001534, 7.354923, 8.144951, 9.622376,15.188800,11.043110, 5.505061, 8.636340, 7.761252, 8.436660,10.018553,15.486647,11.025044, 5.443509, 8.519735, 7.643048, 8.262161, 9.719642,15.177750,10.973516, 5.573131, 8.905347, 8.008281, 8.809146,10.022494,15.682317,11.652819, 5.902745, 9.356618, 8.448778, 8.928176,10.324560,16.000614,11.679055, 5.869852, 9.144279, 8.157073, 8.808127,10.200451,15.880960,11.457758, 5.570961, 8.627423
18.260581,20.673293,30.636544,47.223693,36.542306,17.432556,21.804425,17.183457,19.603292,29.479624,45.878766,35.650741,16.988955,21.215974,16.725135,19.127520,28.883331,45.060914,35.004915,16.693703,20.930052,16.565650,19.008650,28.674306,44.896739,35.006094,16.719908,20.976093,16.607229,19.071951,28.817236,45.042315,35.027982,16.652592,20.809445,16.465555,18.850286,28.657335,44.782364,34.661892,16.489595,20.630107,16.311448,18.808157,28.513319,44.622855,34.647608,16.509068,20.713139,16.413994,18.854475,28.571479,44.683189,34.767209,16.654857,20.928881
17.368479,16.622938,17.580546,22.998456,23.537666,16.897234,18.954208,15.840998,15.346856,16.589625,22.024113,22.690521,16.269719,18.201659,15.218428,14.792077,16.083294,21.428616,22.070889,15.852115,17.836162,15.002597,14.654759,15.905858,21.311291,22.069509,15.886258,17.893058,15.057512,14.725786,16.026423,21.418266,22.101888,15.800385,17.688696,14.869378,14.472054,15.895901,21.241766,21.763030,15.570021,17.458380,14.656018,14.416166,15.768072,21.119413,21.738669,15.594868,17.562399,14.799607,14.474290,15.816865,21.162049,21.854287,15.800354,17.836262
 9.707205,10.526338,16.435904,25.088708,18.937367, 9.786756,11.533126,10.886483,11.442395,17.321326,26.023776,19.517116,10.111275,11.956494,11.280144,11.815044,17.795345,26.628912,19.979882,10.349119,12.170349,11.427827,11.917890,17.953709,26.740094,19.962929,10.315600,12.119439,11.367401,11.837260,17.793655,26.558090,19.902862,10.363293,12.242245,11.500667,12.025941,17.943298,26.820360,20.214924,10.500719,12.397849,11.647061,12.069759,18.070316,26.929930,20.216068,10.493442,12.332035,11.555728,12.029559,18.016915,26.890861,20.136750,10.369843,12.162653
