29.177574,37.146673,45.523327,63.429738,47.632728,29.201661,29.643365,26.400885,34.192362,43.068608,60.795963,45.988123,28.155819,28.454061,25.302420,32.918431,41.719579,59.133506,44.731356,27.362956,27.827747,24.885664,32.574573,41.288510,58.767456,44.727776,27.459785,27.941570,25.052043,32.783660,41.522834,59.083765,44.698714,27.306840,27.578762,24.672342,32.234782,41.037004,58.473435,44.053370,26.914098,27.206007,24.422361,32.192779,40.900796,58.362950,44.105301,27.018027,27.418231,24.560055,32.262483,40.962207,58.327318,44.322350,27.298107,27.857337
15.624544,17.295773,19.786105,27.490730,24.192510,13.301388,14.914363,14.994477,16.649114,19.248013,26.894840,23.744145,13.045946,14.605866,14.677140,16.332727,18.941022,26.519060,23.410655,12.857522,14.443285,14.557167,16.247415,18.839546,26.431933,23.405972,12.877152,14.467344,14.596808,16.288095,18.877734,26.477508,23.376835,12.835199,14.369566,14.487231,16.152573,18.772336,26.359307,23.226459,12.745294,14.275421,14.411838,16.139926,18.736129,26.322446,23.228164,12.766196,14.328275,14.452690,16.156577,18.752252,26.320708,23.289687,12.833987,14.442734
14.162628,20.813969,31.517814,42.420376,29.446792,14.533809,15.640361,14.909984,21.795624,32.525019,43.488364,30.071399,14.857800,16.018150,15.283267,22.272749,33.124641,44.171714,30.550111,15.109220,16.233275,15.432291,22.412652,33.318143,44.326006,30.542615,15.076679,16.191192,15.375307,22.322789,33.215582,44.201313,30.578423,15.134293,16.322490,15.510722,22.544845,33.443168,44.484347,30.842344,15.259522,16.449166,15.600405,22.553621,33.491492,44.495152,30.795808,15.221581,16.367798,15.547187,22.524355,33.459031,44.513938,30.715754,15.131911,16.219189
16.360997,18.137439,25.533489,37.464066,28.436283,16.620412,17.043195,15.927024,17.645974,24.985433,36.795996,27.988833,16.357493,16.760653,15.658894,17.378664,24.671305,36.384481,27.671438,16.173851,16.616395,15.561309,17.309323,24.564838,36.282973,27.660524,16.187192,16.629625,15.583461,17.327764,24.578329,36.289125,27.602873,16.137580,16.536212,15.490468,17.213916,24.475312,36.187814,27.487561,16.054998,16.457574,15.426841,17.202994,24.436286,36.134366,27.475862,16.071572,16.501698,15.461561,17.216741,24.455636,36.143469,27.540455,16.138871,16.603871
15.048865,15.382347,24.037229,39.840494,27.910659,15.777977,14.787395,15.060916,15.333007,23.923832,39.653248,27.782210,15.709721,14.727645,15.002343,15.278172,23.853695,39.543153,27.702091,15.669529,14.699962,14.983222,15.265513,23.826937,39.511014,27.694573,15.668295,14.696740,14.979363,15.258086,23.811724,39.477870,27.659662,15.652005,14.675991,14.960725,15.237487,23.796272,39.480778,27.655005,15.638490,14.663954,14.945201,15.232959,23.780918,39.447547,27.636707,15.637096,14.669070,14.952643,15.234843,23.787392,39.459265,27.657275,15.652859,14.689000
12.106458,15.114235,16.817965,26.736572,28.602388, 6.972698,13.863184,12.961783,15.943206,17.391695,27.392418,29.160042, 7.130408,14.205000,13.297659,16.307743,17.724330,27.838244,29.628145, 7.261915,14.397548,13.433277,16.411556,17.832513,27.935361,29.625088, 7.243581,14.356283,13.370431,16.336480,17.757686,27.821018,29.612020, 7.266361,14.468860,13.497937,16.507138,17.892264,28.015026,29.890457, 7.336956,14.590464,13.576771,16.514039,17.917190,28.026226,29.847856, 7.314810,14.517468,13.530748,16.491718,17.904321,28.045740,29.769089, 7.267639,14.378583
22.371558,21.521528,22.791361,31.772373,31.260137,15.157245,20.742302,19.954497,19.466912,21.231412,30.060842,29.837313,14.439203,19.682355,18.907663,18.540301,20.380656,29.005312,28.792414,13.918074,19.140856,18.521665,18.297306,20.105828,28.764967,28.775985,13.972561,19.221613,18.654240,18.416442,20.215851,28.903745,28.703384,13.861154,18.900569,18.300006,18.027715,19.925397,28.568001,28.227722,13.612989,18.586896,18.060274,17.990049,19.827053,28.465217,28.232192,13.670278,18.759010,18.188713,18.038925,19.870185,28.461056,28.423385,13.855975,19.138716
 9.759193,14.365137,15.548283,25.171417,24.822523, 7.186397,10.858674, 9.621994,14.145113,15.345795,24.897070,24.582360, 7.112268,10.748230, 9.522429,14.017411,15.230057,24.732007,24.417793, 7.062357,10.692656, 9.487432,13.985028,15.190646,24.689291,24.410267, 7.064699,10.695648, 9.492554,13.988987,15.187755,24.677062,24.364106, 7.048544,10.656007, 9.456603,13.932202,15.148092,24.639813,24.312127, 7.027030,10.628459, 9.434694,13.930212,15.138166,24.622383,24.308336, 7.032194,10.646054, 9.447918,13.937021,15.145821,24.628225,24.343494, 7.050458,10.685213
 9.367826, 9.341638,10.459851,13.478427, 8.911721, 6.295272, 8.638049, 8.891492, 8.951581,10.167577,13.193700, 8.750806, 6.174304, 8.458866, 8.701785, 8.779126,10.004294,13.011789, 8.626641, 6.081778, 8.363765, 8.629244, 8.732332, 9.951803,12.971130, 8.626013, 6.092921, 8.380677, 8.657781, 8.760163, 9.979380,13.004690, 8.622461, 6.074535, 8.324915, 8.591011, 8.684753, 9.919959,12.937693, 8.558431, 6.028247, 8.267309, 8.546389, 8.678463, 9.902618,12.924615, 8.563000, 6.040147, 8.299716, 8.570722, 8.688279, 9.910562,12.921532, 8.585100, 6.073430, 8.367182
17.369796,18.306942,21.550248,32.875449,28.883297,19.427547,18.538954,16.817681,17.786406,21.111278,32.347983,28.489288,19.156714,18.255515,16.553036,17.533803,20.860598,32.011469,28.192169,18.954766,18.106332,16.452642,17.466057,20.777485,31.933583,28.187392,18.976027,18.128533,16.486707,17.498633,20.810105,31.977108,28.165518,18.932523,18.039474,16.394740,17.390551,20.723739,31.871583,28.030580,18.835010,17.951537,16.331086,17.379551,20.692829,31.835869,28.029942,18.857075,17.999682,16.365068,17.392879,20.705836,31.834409,28.085457,18.930304,18.105793
18.460426,18.308248,23.349221,37.747931,29.812264,17.662980,17.353868,17.151174,17.188038,22.372186,36.531070,29.006514,17.165775,16.811097,16.597858,16.687977,21.828407,35.764578,28.396032,16.791324,16.523759,16.387736,16.552182,21.653750,35.593130,28.393689,16.835535,16.573995,16.467869,16.631149,21.740993,35.724867,28.365770,16.758676,16.404466,16.275440,16.413742,21.545207,35.447360,28.058192,16.574700,16.235091,16.148386,16.397873,21.490870,35.397081,28.083350,16.623268,16.332925,16.218953,16.425576,21.517060,35.383551,28.190215,16.756196,16.534166
 9.624755, 9.927334,12.645378,17.776760,16.098157, 9.061265,11.341568, 9.787504,10.060695,12.764555,17.903427,16.194788, 9.118663,11.419691, 9.857714,10.125105,12.830839,17.986143,16.269371, 9.161734,11.459580, 9.883330,10.141221,12.853849,18.006716,16.273435, 9.158972,11.456079, 9.876199,10.136994,12.850590,18.004646,16.285439, 9.169925,11.483799, 9.903980,10.167062,12.876519,18.027442,16.314393, 9.191114,11.505878, 9.918871,10.167449,12.880565,18.035159,16.314970, 9.184862,11.492329, 9.909590,10.163851,12.877547,18.034531,16.299064, 9.169071,11.462623
15.792157,14.145937,19.443586,28.681217,25.447097,12.529134,13.826242,14.931193,13.439095,18.754052,27.880160,24.843224,12.217934,13.454340,14.521310,13.104183,18.366684,27.378879,24.395036,11.988786,13.259280,14.367566,13.014282,18.239909,27.262944,24.388846,12.012519,13.288448,14.419166,13.058092,18.287833,27.323849,24.348029,11.960784,13.169465,14.276070,12.912705,18.151204,27.159851,24.142026,11.851000,13.057585,14.181722,12.901996,18.111309,27.118895,24.151019,11.878646,13.122371,14.234351,12.920152,18.131198,27.115567,24.233158,11.960552,13.259314
13.501306,14.484239,18.437033,24.881161,21.547063,11.557134,15.545815,13.193057,14.142348,18.101188,24.506943,21.263799,11.401230,15.330634,13.005614,13.962523,17.908618,24.281017,21.065039,11.292095,15.217842,12.936750,13.914081,17.845699,24.226218,21.061921,11.301408,15.231387,12.954075,13.932233,17.857579,24.234786,21.023787,11.270536,15.157385,12.888550,13.852539,17.790597,24.165642,20.941175,11.221222,15.097136,12.845712,13.848576,17.772983,24.149912,20.946430,11.233824,15.135094,12.870782,13.858695,17.785153,24.152504,20.984375,11.273098,15.212843
13.101656,16.164005,23.071221,34.821992,23.332745,11.801335,14.832251,12.450374,15.506706,22.453576,34.117041,22.939242,11.588720,14.535550,12.189628,15.217994,22.107359,33.662434,22.631511,11.423829,14.376711,12.089004,15.138978,21.995839,33.561944,22.630894,11.444510,14.406384,12.130289,15.188437,22.059386,33.654220,22.627325,11.413378,14.314458,12.038280,15.061933,21.932222,33.482624,22.464752,11.330075,14.217734,11.977236,15.051922,21.896541,33.452561,22.478291,11.352162,14.272442,12.010710,15.068187,21.912284,33.441761,22.531807,11.411098,14.385037
14.315214,19.225030,34.483993,44.476270,26.939861, 9.795093,17.090328,13.711613,18.487002,33.533451,43.492162,26.425120, 9.595793,16.728658,13.410822,18.127166,32.994350,42.876373,26.045344, 9.449975,16.539083,13.298008,18.030663,32.816993,42.732659,26.039470, 9.464668,16.566190,13.334211,18.075154,32.878765,42.799890,26.001010, 9.430947,16.450321,13.229796,17.919933,32.692138,42.605873,25.831164, 9.361698,16.341546,13.159097,17.906690,32.631633,42.548574,25.834450, 9.378119,16.403515,13.197895,17.926052,32.660759,42.547599,25.905240, 9.430651,16.536874
10.865745,11.826692,17.043258,25.018426,26.466621, 8.891732,14.527601,13.953040,14.459792,19.315747,27.433583,28.497693, 9.656583,15.911696,15.346295,15.745007,20.738583,29.138082,30.251502,10.319765,16.740026,15.939235,16.132834,21.208701,29.514283,30.218815,10.220313,16.550929,15.662303,15.839024,20.865823,29.045050,30.171203,10.340993,17.037636,16.209546,16.465534,21.452774,29.836739,31.279254,10.705635,17.582193,16.571669,16.496815,21.575329,29.864172,31.088130,10.592275,17.251232,16.362155,16.411848,21.510112,29.942822,30.792482,10.347237,16.647930
15.397407,15.931182,25.716788,37.109629,26.091861,11.808104,16.700709,15.237450,15.722826,25.421142,36.737330,25.853706,11.699671,16.549332,15.098535,15.593397,25.248374,36.513902,25.692596,11.627626,16.472949,15.049260,15.560184,25.188826,36.455975,25.685501,11.631120,16.476732,15.055459,15.563518,25.184395,36.439273,25.641557,11.608072,16.424181,15.007665,15.508447,25.130364,36.395103,25.593718,11.577829,16.385496,14.974568,15.503412,25.108446,36.362825,25.584411,11.583109,16.408012,14.992914,15.509883,25.120762,36.372266,25.618892,11.609758,16.461560
13.993252,15.006786,28.962922,43.014335,27.381576,12.611488,16.585877,16.308608,16.820702,30.943562,45.077217,28.410372,13.138064,17.396627,17.148889,17.594986,32.113749,46.513234,29.312916,13.599232,17.870520,17.501619,17.824659,32.485414,46.811666,29.288957,13.523254,17.749929,17.316692,17.626946,32.151495,46.319590,29.197169,13.591411,18.013133,17.637723,17.995474,32.638224,47.039771,29.812634,13.849958,18.331494,17.846606,18.015613,32.734160,47.042379,29.697758,13.767866,18.143292,17.727865,17.964284,32.688595,47.126848,29.556094,13.601022,17.800676
14.700472,14.760542,17.972222,22.703782,21.466352,12.653002,15.396180,14.070454,14.203538,17.506522,22.245277,21.103364,12.428709,15.098602,13.788736,13.947221,17.242077,21.954292,20.827251,12.258636,14.938708,13.680316,13.876516,17.156737,21.889156,20.827249,12.279279,14.967346,13.721678,13.918382,17.200414,21.940647,20.814805,12.244266,14.873587,13.623808,13.806670,17.105805,21.834453,20.674279,12.160622,14.778653,13.557365,13.797783,17.077773,21.814994,20.685927,12.182300,14.833436,13.593973,13.812006,17.090925,21.809608,20.733983,12.242957,14.945335
 4.305198, 5.248803, 7.624828,12.229442,10.904159, 6.729443, 7.053174, 6.641268, 7.470063, 9.546175,14.436835,12.507257, 7.807079, 8.328043, 7.901046, 8.710854,10.840698,16.065916,13.926711, 8.767832, 9.124625, 8.456036, 9.095688,11.288982,16.444171,13.908850, 8.632053, 8.954881, 8.216047, 8.829989,11.009894,16.063757,13.939772, 8.829248, 9.448015, 8.740714, 9.463443,11.558314,16.790232,14.803360, 9.362663, 9.973336, 9.087894, 9.487446,11.668372,16.828145,14.659236, 9.194685, 9.643913, 8.881723, 9.404239,11.603605,16.894896,14.403619, 8.829244, 9.051137
14.492518,13.241880,20.915271,25.383053,22.457259,12.423552,14.478248,14.033167,12.835413,20.445248,24.919568,22.103461,12.221636,14.228445,13.785664,12.629631,20.175443,24.629553,21.844239,12.074842,14.097137,13.692724,12.574360,20.085889,24.561264,21.839915,12.089150,14.115056,13.720960,12.598240,20.113902,24.588399,21.809645,12.054224,14.034324,13.635399,12.509862,20.022085,24.501011,21.697803,11.985387,13.959808,13.576688,12.502040,19.990610,24.471938,21.698015,12.001215,14.002330,13.608842,12.512841,20.005590,24.472363,21.746780,12.054188,14.094554
 6.348939, 8.350036,10.382747,15.691271,13.365086, 4.579267, 7.330271, 6.482547, 8.466236,10.451747,15.755132,13.402384, 4.596570, 7.365399, 6.517078, 8.505525,10.492575,15.805897,13.444713, 4.615459, 7.387996, 6.533545, 8.518447,10.505311,15.813498,13.440865, 4.610521, 7.378828, 6.520909, 8.501076,10.481747,15.775916,13.418650, 4.609690, 7.386818, 6.532737, 8.517887,10.498005,15.808494,13.458171, 4.621560, 7.404659, 6.542307, 8.520786,10.504186,15.808919,13.451196, 4.618051, 7.395677, 6.537805, 8.518649,10.504065,15.816627,13.447494, 4.611631, 7.379556
21.419391,22.267069,29.011956,41.430027,36.188776,17.857043,23.539150,20.982532,21.729903,28.409151,40.686420,35.606048,17.571211,23.157739,20.639851,21.407601,28.056969,40.230740,35.201891,17.376940,22.965354,20.516141,21.324936,27.934767,40.115770,35.184739,17.388760,22.977866,20.537502,21.337960,27.938997,40.104405,35.100753,17.334107,22.853763,20.422677,21.206153,27.833516,40.015750,34.974701,17.250312,22.750182,20.337359,21.187591,27.778400,39.936737,34.941745,17.262132,22.804042,20.381317,21.202779,27.801922,39.953048,35.026968,17.334219,22.940496
17.164371,17.691900,22.264516,31.957118,24.998256,16.275842,17.713993,15.721743,16.420220,21.177308,30.756331,24.211492,15.741549,17.068566,15.126573,15.860732,20.574702,29.998285,23.612371,15.337326,16.727053,14.900251,15.709052,20.381554,29.830515,23.610994,15.386231,16.788472,14.988924,15.799904,20.483332,29.969228,23.590935,15.306144,16.589199,14.782795,15.557976,20.266547,29.692496,23.285754,15.106875,16.387330,14.647041,15.540336,20.206406,29.643386,23.311421,15.159994,16.503622,14.722367,15.570892,20.234376,29.627717,23.415058,15.302836,16.742635
16.471026,16.618252,18.096410,23.867360,28.534379,13.314148,17.550067,15.553287,15.814653,17.492604,23.249417,27.921903,13.012324,17.116585,15.154911,15.449057,17.152140,22.856674,27.455003,12.783619,16.885599,15.002159,15.349128,17.041970,22.768928,27.453558,12.811172,16.926404,15.060703,15.407529,17.098537,22.839093,27.436848,12.765467,16.792325,14.923159,15.250038,16.978179,22.699196,27.202027,12.652868,16.654135,14.828794,15.235702,16.939673,22.668385,27.216181,12.680895,16.731764,14.879837,15.255660,16.956337,22.661657,27.298138,12.762604,16.894099
 5.030858, 5.173243, 6.113765, 9.006715, 9.377738, 6.309848, 5.469327, 4.890507, 5.031710, 5.989273, 8.862561, 9.248863, 6.219587, 5.383892, 4.811275, 4.958390, 5.917526, 8.772076, 9.154551, 6.154226, 5.339200, 4.781635, 4.938820, 5.893471, 8.750496, 9.152482, 6.160226, 5.344835, 4.790204, 4.946537, 5.900074, 8.757548, 9.140474, 6.144416, 5.317127, 4.762728, 4.915121, 5.875849, 8.731637, 9.101347, 6.113923, 5.291864, 4.743829, 4.912194, 5.867207, 8.721609, 9.100262, 6.120655, 5.306087, 4.754109, 4.915992, 5.871219, 8.722092, 9.118360, 6.144363, 5.337643
 4.918293, 5.660061,10.483925,14.086746,11.654028, 6.127715, 7.600938, 7.318382, 7.855478,12.844409,16.400987,13.215893, 7.040938, 8.856726, 8.584570, 9.053854,14.416117,18.097109,14.594789, 7.852610, 9.636552, 9.139812, 9.424410,14.955464,18.486629,14.574659, 7.735767, 9.467010, 8.894625, 9.162050,14.605080,18.071775,14.588443, 7.897846, 9.944129, 9.416499, 9.768950,15.268365,18.837968,15.437418, 8.348350,10.458980, 9.762125, 9.793289,15.402107,18.872990,15.293285, 8.206492,10.137928, 9.557784, 9.712840,15.325056,18.945508,15.048671, 7.899457, 9.559918
15.525895,17.754559,26.566675,41.320488,31.154338,19.945478,18.295256,15.567558,17.831774,26.663369,41.459784,31.249203,20.005074,18.346395,15.612145,17.875855,26.722344,41.532437,31.306787,20.043794,18.377115,15.629423,17.890490,26.739870,41.549755,31.303002,20.039185,18.371421,15.625981,17.881948,26.736200,41.547811,31.322969,20.054446,18.392620,15.640486,17.903586,26.756842,41.582108,31.353815,20.070036,18.407060,15.650896,17.902859,26.758973,41.573164,31.340829,20.064146,18.394118,15.643652,17.899691,26.753496,41.573552,31.332760,20.051202,18.376124
 8.904625,10.326397,17.870354,28.434244,20.846600, 9.363710,10.626573, 9.315070,10.674612,18.205882,28.802022,21.055428, 9.470778,10.771428, 9.451082,10.812242,18.397541,29.054794,21.239334, 9.564724,10.855350, 9.507747,10.852966,18.457236,29.105196,21.233060, 9.548412,10.832598, 9.476368,10.815387,18.397568,29.009006,21.207615, 9.560521,10.877618, 9.527023,10.879761,18.477241,29.140735,21.337474, 9.613228,10.933537, 9.559289,10.882786,18.491333,29.137235,21.310905, 9.595856,10.900250, 9.540804,10.873955,18.485055,29.155214,21.284215, 9.562776,10.840526
15.198502,20.133357,18.439773,30.025202,21.906223, 9.156348,14.735168,14.282889,19.123121,17.807198,29.242296,21.427796, 8.939427,14.358794,13.905505,18.674330,17.452714,28.741259,21.058240, 8.773152,14.158229,13.760532,18.551908,17.338363,28.630205,21.057235, 8.793645,14.194782,13.818377,18.626253,17.400834,28.726747,21.049613, 8.761684,14.078898,13.686918,18.431845,17.273244,28.543312,20.859156, 8.678738,13.957842,13.598384,18.415237,17.234909,28.506719,20.872569, 8.700056,14.025891,13.646535,18.439977,17.251437,28.496250,20.937026, 8.759387,14.167448
15.981309,16.992511,22.882315,30.339014,27.568544,12.838347,16.427390,15.130277,16.161789,22.067950,29.475558,26.897548,12.513286,15.985076,14.712079,15.759941,21.611737,28.941191,26.408225,12.278577,15.756148,14.557428,15.653577,21.462296,28.815463,26.398811,12.300872,15.786785,14.604920,15.699425,21.508123,28.864449,26.341405,12.244485,15.644378,14.459329,15.525698,21.349629,28.699031,26.127743,12.133939,15.514705,14.362718,15.512030,21.300810,28.650049,26.131366,12.160392,15.589235,14.416319,15.533981,21.326020,28.651667,26.224081,12.244993,15.750270
14.037159,14.001533,23.916389,35.989657,24.722017,11.025341,15.044212,13.872646,13.792688,23.621840,35.607324,24.485510,10.917621,14.897017,13.735160,13.668943,23.446319,35.373689,24.320730,10.843018,14.819628,13.683970,13.635373,23.386788,35.316306,24.317341,10.849119,14.827787,13.695141,13.645675,23.395960,35.321760,24.286316,10.828619,14.779138,13.649554,13.593984,23.341650,35.263720,24.225606,10.795978,14.737235,13.615251,13.587846,23.316684,35.233151,24.220309,10.801796,14.760844,13.633456,13.593929,23.328282,35.237727,24.252332,10.828971,14.814290
28.036763,29.515072,37.332028,61.217369,46.875191,27.092876,29.101940,27.165199,28.706765,36.615420,60.297819,46.281108,26.739994,28.684435,26.763885,28.324091,36.206654,59.707540,45.827137,26.472946,28.462707,26.610287,28.220382,36.072058,59.572859,45.822163,26.502981,28.498675,26.666086,28.275457,36.132975,59.664062,45.798109,26.447985,28.367939,26.525980,28.110456,35.989318,59.466968,45.581029,26.317060,28.235765,26.429927,28.094776,35.941241,59.411674,45.586749,26.348329,28.308931,26.481590,28.115293,35.961496,59.404918,45.669405,26.444691,28.466414
10.708197,14.150288,19.886518,28.850123,19.898493, 6.650529,12.787411,11.349242,14.769741,20.377571,29.345170,20.163622, 6.755365,13.014523,11.564526,15.015710,20.660984,29.684533,20.396636, 6.847636,13.147775,11.655228,15.089824,20.748405,29.751221,20.386564, 6.830886,13.110173,11.604182,15.018965,20.656081,29.614695,20.351126, 6.842506,13.180179,11.683227,15.133590,20.772748,29.797238,20.520665, 6.894325,13.269898,11.735678,15.140190,20.795743,29.790753,20.484783, 6.877518,13.216741,11.706141,15.124193,20.785844,29.815904,20.452173, 6.845006,13.122609
 8.108676, 8.227215,12.447888,14.308310,18.657048, 5.639530, 8.795518, 7.793111, 7.919995,12.115337,13.998838,18.316912, 5.524642, 8.613306, 7.625968, 7.766875,11.924347,13.805388,18.067040, 5.440642, 8.516760, 7.562708, 7.725238,11.861410,13.760461,18.064394, 5.449421, 8.531094, 7.582988, 7.745035,11.884282,13.782620,18.039294, 5.430048, 8.472792, 7.525756, 7.679452,11.819356,13.721582,17.927026, 5.390444, 8.417507, 7.485884, 7.673440,11.796826,13.703488,17.929563, 5.399655, 8.449089, 7.507608, 7.681505,11.807301,13.702811,17.975288, 5.429805, 8.516466
16.243339,15.596993,18.085377,22.970881, 7.031576, 3.077701,15.171476,16.246032,15.553813,18.003644,22.867118, 6.997522, 3.062067,15.112712,16.186286,15.499708,17.952770,22.801744, 6.975226, 3.052745,15.087566,16.167080,15.488654,17.931680,22.782397, 6.972253, 3.052210,15.082278,16.162203,15.477559,17.919330,22.762416, 6.964194, 3.048979,15.064702,16.143946,15.460132,17.911229,22.772137, 6.964964, 3.045805,15.052290,16.125981,15.452264,17.894310,22.742540, 6.956476, 3.044723,15.053921,16.132709,15.453367,17.898749,22.750749, 6.962803, 3.048604,15.073897
24.469663,27.166127,34.353276,46.243386,34.559085,18.964786,25.410939,22.430714,25.209172,32.652126,44.463307,33.443108,18.325773,24.471770,21.571593,24.342294,31.710052,43.345053,32.599143,17.845487,23.976110,21.246161,24.107562,31.408076,43.096176,32.596336,17.902487,24.063375,21.371127,24.245072,31.561021,43.291058,32.560192,17.805095,23.772238,21.073914,23.870102,31.222857,42.886879,32.135473,17.569653,23.481277,20.878565,23.843321,31.129857,42.814553,32.170832,17.632238,23.649590,20.987276,23.890759,31.174284,42.793419,32.317442,17.801917,23.995841
16.082200,16.568568,20.958988,28.469778,26.067308,13.957784,16.178156,15.150231,15.794325,20.332458,27.836328,25.595827,13.687385,15.821212,14.801663,15.466284,19.980496,27.419447,25.215134,13.471259,15.628072,14.664414,15.375451,19.867662,27.330622,25.217382,13.501697,15.668719,14.726917,15.439814,19.947301,27.439270,25.237013,13.467627,15.563609,14.605892,15.298742,19.819352,27.274134,25.022303,13.355676,15.440843,14.521644,15.283809,19.777268,27.243233,25.038549,13.384113,15.506947,14.565822,15.301978,19.791972,27.229169,25.102166,13.461339,15.644482
14.577813,14.538231,18.049674,24.572764,23.448056,13.839590,15.409522,13.982242,13.998133,17.573162,24.060619,23.033954,13.586327,15.103903,13.696127,13.739592,17.302373,23.737798,22.724487,13.398302,14.942128,13.587696,13.669573,17.213739,23.663570,22.721336,13.418645,14.967382,13.624943,13.705147,17.249752,23.706599,22.696287,13.377024,14.869948,13.525433,13.593176,17.154799,23.599508,22.551386,13.286525,14.776013,13.458182,13.583993,17.125143,23.572375,22.557633,13.308821,14.829851,13.495208,13.597985,17.139241,23.569774,22.613990,13.376294,14.943538
13.574309,16.226533,23.638619,33.794139,25.067211,11.568881,14.247054,13.215488,15.754186,23.077627,33.114827,24.617493,11.357340,13.980930,12.965286,15.486725,22.752235,32.698165,24.302005,11.211110,13.844856,12.873902,15.416820,22.641210,32.595184,24.291487,11.221753,13.856942,12.893438,15.434393,22.654457,32.599994,24.234055,11.182314,13.770480,12.809085,15.323237,22.552988,32.503949,24.123375,11.117685,13.696085,12.747682,15.309430,22.506279,32.442274,24.106538,11.128710,13.736203,12.779941,15.322627,22.527073,32.452806,24.170523,11.182411,13.832025
14.213340,15.153254,23.408189,34.669154,28.174219,13.568208,14.632391,13.463913,14.415672,22.571804,33.677527,27.479692,13.222485,14.232149,13.086231,14.051690,22.103098,33.060033,26.972581,12.973737,14.027096,12.947407,13.956831,21.947037,32.912919,26.958505,12.995486,14.051585,12.987769,13.992557,21.987568,32.957990,26.895239,12.935653,13.923258,12.855883,13.836655,21.827207,32.782406,26.686851,12.819111,13.807461,12.768319,13.823007,21.773818,32.713971,26.679546,12.845417,13.872210,12.816290,13.842226,21.799370,32.718717,26.778429,12.935538,14.017816
19.278883,19.483980,21.792560,30.343933,25.804823,12.911916,18.476322,18.590177,18.806263,21.238464,29.721356,25.350308,12.675198,18.119498,18.222764,18.471048,20.918196,29.331766,25.014898,12.500565,17.927839,18.082032,18.378335,20.813547,29.242803,25.014247,12.520375,17.959207,18.129865,18.427283,20.857863,29.296823,24.985881,12.481289,17.845503,18.005045,18.283582,20.748635,29.166565,24.827681,12.398463,17.735007,17.916981,18.270655,20.711223,29.134708,24.836127,12.418381,17.798961,17.965090,18.288408,20.728591,29.130808,24.895404,12.480661,17.931668
14.945818,16.254299,23.329164,28.662459,24.440455,13.170205,15.297226,14.199611,15.551415,22.630421,27.989059,23.955662,12.897073,14.950912,13.867839,15.224793,22.236572,27.561661,23.588816,12.692275,14.768280,13.741879,15.136774,22.107858,27.464336,23.584823,12.715100,14.797681,13.787254,15.183278,22.165044,27.528676,23.563683,12.672215,14.689491,13.671923,15.042643,22.026742,27.385267,23.388434,12.572330,14.581319,13.593439,15.029699,21.981570,27.346819,23.394129,12.596424,14.641628,13.635888,15.047392,22.001403,27.342550,23.460886,12.670091,14.770806
11.299127,11.956250,15.386548,22.180470,23.084754,11.839173,12.556591,12.615711,12.990691,16.157739,22.958801,23.712454,12.195883,13.003635,13.088422,13.425257,16.607947,23.494218,24.256669,12.504730,13.262920,13.285153,13.553593,16.750313,23.605181,24.242201,12.454236,13.197325,13.182702,13.443589,16.623434,23.424011,24.189420,12.500260,13.341168,13.361176,13.648782,16.809202,23.690691,24.557206,12.671840,13.513245,13.476677,13.659536,16.845193,23.690851,24.487861,12.617182,13.411042,13.410792,13.631155,16.827906,23.722372,24.403430,12.506367,13.224946
13.342416,11.578270,21.576340,23.144385,21.018327,10.852192,14.480297,12.738101,11.133851,21.021736,22.680832,20.665386,10.659607,14.199918,12.482367,10.928980,20.708905,22.381099,20.392777,10.513088,14.052817,12.384817,10.874299,20.605520,22.312992,20.388393,10.529508,14.076325,12.421073,10.903020,20.653765,22.361747,20.379735,10.501082,13.991084,12.332116,10.815976,20.545155,22.264508,20.250287,10.428565,13.901421,12.270098,10.805913,20.504538,22.230860,20.248696,10.444688,13.948568,12.302369,10.816754,20.519672,22.228050,20.299221,10.497933,14.054255
29.177574,37.146673,45.523327,63.429738,47.632728,29.201661,29.643365,26.400885,34.192362,43.068608,60.795963,45.988123,28.155819,28.454061,25.302420,32.918431,41.719579,59.133506,44.731356,27.362956,27.827747,24.885664,32.574573,41.288510,58.767456,44.727776,27.459785,27.941570,25.052043,32.783660,41.522834,59.083765,44.698714,27.306840,27.578762,24.672342,32.234782,41.037004,58.473435,44.053370,26.914098,27.206007,24.422361,32.192779,40.900796,58.362950,44.105301,27.018027,27.418231,24.560055,32.262483,40.962207,58.327318,44.322350,27.298107,27.857337
 7.749696, 7.749263,12.069462,21.633721,20.114042, 8.301192,10.126403,11.239310,10.648037,14.810821,25.211131,22.816695, 9.532633,11.795047,13.149924,12.264883,16.651944,27.841171,25.198217,10.624996,12.833825,13.989510,12.765368,17.289473,28.449681,25.167505,10.470328,12.612704,13.627092,12.420587,16.891295,27.834229,25.213709,10.691691,13.249999,14.413522,13.237017,17.660663,28.990892,26.648985,11.294428,13.932512,14.939240,13.272181,17.825161,29.065572,26.420185,11.107593,13.507736,14.629510,13.165792,17.733921,29.173251,25.993866,10.693612,12.737277
 2.619183, 3.206668, 5.942804,10.157463, 8.876940, 4.169214, 5.247978, 4.262515, 4.807883, 7.614210,12.181922,10.328355, 4.955144, 6.323475, 5.205836, 5.731659, 8.762001,13.694863,11.625034, 5.663109, 7.004814, 5.626438, 6.021292, 9.164143,14.047941,11.607561, 5.562563, 6.859245, 5.445341, 5.822219, 8.915529,13.696807,11.640839, 5.708247, 7.282020, 5.841741, 6.296963, 9.403056,14.367207,12.426798, 6.102341, 7.731580, 6.104996, 6.313814, 9.500955,14.403406,12.295294, 5.977503, 7.447610, 5.947812, 6.252431, 9.444078,14.468441,12.061613, 5.707576, 6.939410
18.460426,18.308248,23.349221,37.747931,29.812264,17.662980,17.353868,17.151174,17.188038,22.372186,36.531070,29.006514,17.165775,16.811097,16.597858,16.687977,21.828407,35.764578,28.396032,16.791324,16.523759,16.387736,16.552182,21.653750,35.593130,28.393689,16.835535,16.573995,16.467869,16.631149,21.740993,35.724867,28.365770,16.758676,16.404466,16.275440,16.413742,21.545207,35.447360,28.058192,16.574700,16.235091,16.148386,16.397873,21.490870,35.397081,28.083350,16.623268,16.332925,16.218953,16.425576,21.517060,35.383551,28.190215,16.756196,16.534166
11.452850,12.323177,17.936094,23.479148,21.523408,11.802845,11.700900,10.595191,11.554567,17.179033,22.714068,20.936411,11.464538,11.327475,10.244710,11.210396,16.758405,22.228028,20.489308,11.210064,11.132671,10.112068,11.118525,16.621704,22.118627,20.483968,11.239222,11.164758,10.161864,11.168676,16.687715,22.200339,20.470042,11.189274,11.052203,10.041486,11.022894,16.541832,22.037091,20.253278,11.064046,10.934138, 9.957598,11.006485,16.488875,21.987550,20.255460,11.092397,10.996984,10.001450,11.025087,16.509717,21.982802,20.336896,11.184261,11.135522
17.261046,17.552230,35.110570,51.776289,39.181699,14.508594,17.000116,17.724973,17.904662,35.500810,52.179564,39.414837,14.605904,17.132918,17.871798,18.035354,35.718521,52.434517,39.606485,14.688187,17.212122,17.932421,18.076163,35.780371,52.483843,39.592735,14.672771,17.188478,17.898571,18.034495,35.712688,52.381863,39.577044,14.687586,17.234266,17.953868,18.100510,35.810745,52.547853,39.732474,14.733159,17.284194,17.985913,18.098475,35.812319,52.509499,39.677731,14.714428,17.248729,17.964642,18.088312,35.802816,52.530761,39.654235,14.686377,17.195555
 8.295351,10.741120,10.560663,15.377278,13.756141, 7.481995, 9.026970, 8.046547,10.430357,10.334419,15.115057,13.554236, 7.365619, 8.879405, 7.910281,10.275412,10.203722,14.951984,13.406309, 7.280288, 8.800106, 7.858382,10.232511,10.161123,14.914301,13.405883, 7.289597, 8.812681, 7.875396,10.254479,10.177589,14.934248,13.390002, 7.269394, 8.764356, 7.828427,10.186833,10.132019,14.878965,13.320596, 7.229102, 8.719449, 7.796398,10.182105,10.118503,14.867873,13.326041, 7.239405, 8.746429, 7.814441,10.190543,10.125717,14.866459,13.352322, 7.269796, 8.801185
18.033498,18.573252,20.113570,27.455494,22.818631,13.897500,14.845121,16.500955,17.278163,19.191717,26.508293,22.170994,13.479061,14.339480,15.921792,16.731843,18.680892,25.899623,21.662301,13.152788,14.068619,15.697530,16.581715,18.518409,25.768778,21.664810,13.196667,14.123286,15.795018,16.683710,18.623716,25.911401,21.674396,13.139856,13.971529,15.594610,16.447763,18.437704,25.672725,21.394832,12.974209,13.804962,15.459575,16.427494,18.383370,25.635178,21.421091,13.018294,13.898309,15.532723,16.457839,18.405509,25.616701,21.506109,13.133704,14.088865
 8.379931, 8.734514,10.719588,15.422955,14.143149, 8.507828, 8.490679, 8.143510, 8.501135,10.511997,15.186078,13.956490, 8.390527, 8.364023, 8.018843, 8.383818,10.391708,15.035523,13.817142, 8.303648, 8.296810, 7.971252, 8.351967,10.351690,15.000667,13.815417, 8.312929, 8.306892, 7.986970, 8.367233,10.367226,15.019716,13.804242, 8.293959, 8.267148, 7.944414, 8.317584,10.326907,14.973431,13.741770, 8.252579, 8.227778, 7.913876, 8.312023,10.311059,14.956748,13.741011, 8.261511, 8.249290, 7.929991, 8.318049,10.317519,14.956170,13.766739, 8.292952, 8.296692
 8.399239, 8.499402, 9.213745,14.228463,15.482835, 5.288570, 8.633743, 7.866661, 8.073126, 8.916171,13.896112,15.191668, 5.173390, 8.430471, 7.672370, 7.893385, 8.750888,13.677499,14.956827, 5.081852, 8.321991, 7.596869, 7.844456, 8.697508,13.629990,14.955951, 5.093881, 8.343289, 7.630215, 7.876954, 8.731926,13.681760,14.964020, 5.078820, 8.282610, 7.561534, 7.798938, 8.670924,13.597958,14.835865, 5.031390, 8.214213, 7.515497, 7.791456, 8.652396,13.580972,14.844049, 5.043583, 8.251075, 7.539943, 7.801476, 8.659163,13.574592,14.884646, 5.076409, 8.328984
16.867535,17.451985,18.738300,24.467430,23.448516,10.436202,15.548710,16.285153,16.896346,18.294534,24.001406,23.065063,10.257375,15.268501,15.986732,16.615760,18.039623,23.703808,22.778640,10.125831,15.122728,15.874213,16.541548,17.953448,23.633916,22.771653,10.138594,15.141869,15.909342,16.572140,17.982033,23.665117,22.747364,10.110035,15.055264,15.807307,16.455233,17.898446,23.582884,22.627773,10.047656,14.969578,15.733812,16.440086,17.861958,23.541846,22.617502,10.059773,15.014070,15.771624,16.453974,17.875520,23.542945,22.672685,10.107805,15.118340
12.890226,14.331253,21.327549,26.469266,32.631070,13.167479,15.310570,12.011942,13.497155,20.489196,25.665270,31.812922,12.815907,14.860384,11.641619,13.125412,20.023666,25.158928,31.192530,12.551047,14.622399,11.501470,13.024779,19.874446,25.045156,31.189465,12.581802,14.663504,11.554654,13.082754,19.946977,25.129198,31.156194,12.526259,14.521100,11.424389,12.919401,19.776531,24.944005,30.843240,12.395855,14.381671,11.340554,12.909400,19.733923,24.914608,30.872750,12.431540,14.463619,11.387973,12.930356,19.756279,24.905806,30.982045,12.525594,14.630585
 9.758681, 9.679055,12.273369,16.449106,20.014875, 9.015331, 8.876303, 9.030222, 9.060262,11.739173,15.898878,19.462155, 8.747557, 8.583573, 8.724105, 8.783099,11.442479,15.552556,19.044512, 8.546783, 8.429517, 8.608380, 8.708366,11.346859,15.474581,19.041469, 8.569815, 8.455508, 8.651588, 8.750227,11.392318,15.530851,19.020133, 8.528143, 8.364203, 8.545093, 8.630100,11.286129,15.408570,18.813774, 8.429790, 8.273406, 8.474575, 8.620785,11.255542,15.383302,18.827470, 8.455121, 8.325275, 8.513473, 8.636085,11.270037,15.378339,18.901750, 8.526669, 8.433536
11.415627,11.599557,13.906783,20.605955,22.529263,13.803394,14.828177,13.428403,13.231356,15.123178,21.921851,23.681557,14.557154,15.748690,14.303232,14.002145,15.859926,22.822327,24.644048,15.188195,16.283513,14.664603,14.228964,16.101008,23.021977,24.631334,15.098897,16.168211,14.503202,14.066016,15.939652,22.799094,24.627511,15.219385,16.485810,14.838957,14.434602,16.237402,23.199662,25.208231,15.557604,16.826604,15.056954,14.451678,16.298198,23.218053,25.112531,15.453317,16.618649,14.930168,14.402243,16.264107,23.253890,24.949052,15.222941,16.233373
11.553275,12.205097,15.731558,21.817573,24.814671,10.456193,13.249968,11.979264,12.526414,15.957350,22.027087,24.990841,10.542384,13.382282,12.107759,12.645729,16.084150,22.171134,25.150024,10.619968,13.459797,12.161671,12.681523,16.122461,22.198728,25.142528,10.605461,13.436878,12.129594,12.645255,16.078736,22.136224,25.114076,10.614568,13.478104,12.178146,12.702438,16.134026,22.219789,25.236927,10.659228,13.530419,12.207718,12.703807,16.140579,22.211654,25.206229,10.643235,13.498214,12.190165,12.695657,16.136831,22.223977,25.184827,10.616226,13.443361
15.949385,17.384510,25.482722,34.215930,27.017088,13.571013,16.783383,15.380296,16.829663,24.906790,33.604229,26.605499,13.355470,16.495471,15.108476,16.562258,24.579023,33.214942,26.295435,13.194792,16.343815,15.005499,16.490449,24.470524,33.124863,26.290566,13.211660,16.366495,15.040540,16.525243,24.513017,33.174952,26.266760,13.176772,16.275380,14.945634,16.410104,24.398916,33.051124,26.125136,13.099146,16.186558,14.881088,16.399484,24.360686,33.012677,26.126574,13.117426,16.236043,14.916054,16.413691,24.377445,33.010380,26.184161,13.175439,16.343641
10.433583,10.689248,12.303957,22.189930,18.780653, 8.402793,10.927228,10.672879,10.836918,12.377031,22.255535,18.810689, 8.422765,10.967028,10.716737,10.875825,12.413931,22.304868,18.850084, 8.446325,10.991821,10.736142,10.888136,12.423278,22.311555,18.845279, 8.439932,10.980731,10.719176,10.868876,12.401577,22.269756,18.823201, 8.439969,10.992881,10.738036,10.890443,12.423157,22.318045,18.872908, 8.456443,11.011753,10.746177,10.888429,12.419986,22.302148,18.852649, 8.448232,10.998750,10.740149,10.884837,12.420143,22.311825,18.850054, 8.440483,10.980973
 8.107486, 9.194278,10.924125,16.459528, 7.331272, 3.695174, 9.061216, 8.933635,10.061557,11.637322,17.293668, 7.665619, 3.886183, 9.507077, 9.387452,10.513075,12.074817,17.845908, 7.928051, 4.037037, 9.762657, 9.570725,10.644342,12.221234,17.973322, 7.926685, 4.018618, 9.716279, 9.503506,10.567704,12.152181,17.884966, 7.948672, 4.052891, 9.873794, 9.671963,10.777927,12.317162,18.093969, 8.084527, 4.128370,10.024964, 9.783608,10.787547,12.356518,18.118242, 8.066902, 4.106404, 9.929932, 9.717914,10.761285,12.333575,18.131281, 8.020562, 4.051787, 9.749514
 9.117399,11.979718,16.622963,29.184118,26.473651,13.798335,12.937369,12.658303,15.655206,19.733213,33.156796,29.380372,15.424779,14.685229,14.444294,17.594380,21.761936,36.025220,31.917570,16.852938,15.755531,15.218364,18.188465,22.449755,36.676636,31.878415,16.645877,15.520953,14.873066,17.762089,21.991444,35.957672,31.881778,16.924917,16.167439,15.595100,18.729072,22.836579,37.254688,33.445961,17.712222,16.871394,16.075352,18.772953,23.013646,37.316886,33.184438,17.467414,16.436982,15.794212,18.643945,22.915199,37.438936,32.740535,16.931245,15.648958
20.848020,21.188876,27.776472,44.289811,36.291616,19.218217,19.067074,20.174835,20.556416,27.171097,43.518521,35.749879,18.924451,18.751808,19.835052,20.243759,26.826089,43.034418,35.349932,18.709570,18.586609,19.707608,20.160171,26.712115,42.920831,35.343037,18.730795,18.609550,19.747630,20.197319,26.749717,42.969986,35.300214,18.680507,18.508062,19.629274,20.062390,26.630640,42.820619,35.124137,18.578633,18.413273,19.548866,20.050566,26.591080,42.773120,35.125388,18.602355,18.467021,19.592882,20.067363,26.610054,42.773565,35.200979,18.680154,18.583674
30.357965,27.626638,29.337467,37.855104,32.983923,20.588251,28.554656,27.655211,25.568356,27.871262,36.410102,31.944125,19.908666,27.507946,26.604564,24.690861,27.064409,35.496990,31.144961,19.389184,26.951286,26.203720,24.451476,26.808509,35.297309,31.146576,19.454687,27.057292,26.368290,24.604734,26.955570,35.481852,31.130431,19.354220,26.733081,26.001461,24.220611,26.657752,35.128363,30.704766,19.094890,26.402587,25.765656,24.197601,26.585736,35.084934,30.753947,19.168226,26.596870,25.898849,24.246728,26.621708,35.060550,30.888866,19.350766,26.985540
34.516739,36.723689,41.357918,56.576918,45.565851,32.860314,43.240162,42.014724,42.819153,45.536600,60.736560,48.235791,34.892730,46.313394,45.138648,45.662791,48.080643,63.623195,50.514946,36.630799,48.116635,46.444889,46.506204,48.909291,64.255877,50.476750,36.372960,47.707931,45.832376,45.866634,48.304121,63.464061,50.408132,36.687809,48.766559,47.046248,47.240262,49.351322,64.806968,51.846086,37.639148,49.945632,47.838001,47.308036,49.563008,64.849685,51.598346,37.343265,49.232776,47.380448,47.119504,49.446949,64.976832,51.214088,36.704525,47.923856
13.039410,13.837194,14.859283,21.076371,26.230528, 7.687057,13.065165,12.824196,13.633944,14.697819,20.896231,26.041197, 7.626824,12.959691,12.718549,13.533092,14.607222,20.784041,25.902857, 7.583532,12.905729,12.680105,13.506935,14.577262,20.756611,25.898412, 7.586940,12.911585,12.690590,13.515989,14.583121,20.761761,25.876156, 7.575504,12.875956,12.652158,13.470890,14.550254,20.728365,25.819005, 7.555080,12.845930,12.628227,13.468416,14.542039,20.718367,25.819578, 7.560194,12.863658,12.641985,13.474199,14.547248,20.719828,25.847432, 7.576077,12.902310
15.008503,14.717659,19.140009,25.089616,24.951783,13.542285,14.662259,14.424584,14.191416,18.646069,24.572459,24.513824,13.296494,14.375807,14.136154,13.934739,18.365275,24.248734,24.190618,13.116508,14.225319,14.027712,13.865723,18.272961,24.173292,24.185968,13.134862,14.247082,14.062623,13.897897,18.305691,24.209508,24.153934,13.093308,14.155408,13.962727,13.787297,18.208845,24.107078,24.008582,13.007796,14.068698,13.894378,13.777424,18.176530,24.076563,24.011258,13.027824,14.117895,13.931683,13.791262,18.191900,24.076118,24.071447,13.092772,14.223729
 9.771948,10.886328,13.265897,17.869694,13.713324,10.382990,11.662923,10.897024,11.879764,14.007679,18.598987,14.167694,10.750588,12.132171,11.357895,12.325570,14.448197,19.090242,14.544956,11.057460,12.404191,11.547905,12.457608,14.589122,19.195811,14.536306,11.011005,12.341054,11.458524,12.354879,14.482660,19.057799,14.524347,11.066009,12.497724,11.630825,12.565129,14.659409,19.287587,14.762267,11.230443,12.671427,11.743988,12.575385,14.695374,19.290892,14.718456,11.179098,12.565416,11.678588,12.546804,14.675695,19.314133,14.658032,11.068809,12.372422
 3.711557, 5.628741, 7.818859,11.413410, 9.510954, 5.688348, 5.558861, 5.672649, 7.941947, 9.770545,13.486277,10.933346, 6.624241, 6.596926, 6.771927, 9.250335,11.092313,15.016625,12.190400, 7.457845, 7.247585, 7.257231, 9.657570,11.551462,15.372204,12.173430, 7.339950, 7.109109, 7.048758, 9.377709,11.267731,15.018557,12.205467, 7.511657, 7.511329, 7.505069,10.044066,11.824516,15.695445,12.964860, 7.972560, 7.938290, 7.808349,10.069185,11.937993,15.732228,12.838480, 7.827615, 7.669623, 7.627999, 9.982424,11.872038,15.795762,12.613036, 7.511146, 7.186609
 7.109725, 7.690772,10.914354,19.463483,22.239651, 6.855843,11.352046, 9.539237, 9.832991,12.761479,21.842911,24.418466, 7.620110,12.718632,10.754431,10.945675,13.951790,23.538827,26.296475, 8.283169,13.548396,11.276591,11.284954,14.352490,23.921902,26.265681, 8.187164,13.366699,11.044710,11.041308,14.085628,23.499399,26.271395, 8.316889,13.865299,11.528598,11.590244,14.575856,24.262349,27.421623, 8.678903,14.405589,11.850875,11.615536,14.679655,24.297725,27.228156, 8.566767,14.071941,11.662481,11.542457,14.622002,24.369363,26.903482, 8.319671,13.465676
 9.007636, 9.356286,11.456046,17.978810,16.028916, 7.760839, 9.388222, 9.248257, 9.540749,11.587719,18.122842,16.129678, 7.816186, 9.467133, 9.330281, 9.616979,11.664599,18.225991,16.220523, 7.865272, 9.512311, 9.364962, 9.639097,11.690112,18.246731,16.219104, 7.856979, 9.500760, 9.346127, 9.620180,11.665697,18.208008,16.202693, 7.861482, 9.522780, 9.375210, 9.652910,11.694092,18.252216,16.260250, 7.888803, 9.554198, 9.396662, 9.657657,11.705268,18.261583,16.256697, 7.881952, 9.538370, 9.386033, 9.653648,11.703068,18.268010,16.242619, 7.864377, 9.505415
14.029312,12.066926,14.030824,22.771144,23.663629, 8.664041,12.764214,14.412165,12.271764,14.135027,22.862306,23.719083, 8.692668,12.825909,14.489075,12.331122,14.192524,22.935859,23.791528, 8.726908,12.865514,14.525483,12.350483,14.208735,22.945443,23.782993, 8.717023,12.847432,14.494064,12.320705,14.171621,22.880717,23.735584, 8.714660,12.861781,14.522650,12.348519,14.198677,22.940265,23.817539, 8.737843,12.894299,14.542026,12.350904,14.203333,22.932396,23.795927, 8.729434,12.876623,14.531981,12.346735,14.203501,22.945785,23.790876, 8.717840,12.848010
12.719666,12.487099,14.005688,20.092519,18.017860, 9.221543,12.812873,12.391198,12.123044,13.660605,19.670910,17.679142, 9.045224,12.567399,12.152269,11.909432,13.458582,19.410901,17.442071, 8.924170,12.442973,12.064922,11.854130,13.388602,19.346374,17.432997, 8.932638,12.452690,12.082222,11.865560,13.395810,19.347906,17.391972, 8.900807,12.375635,12.003925,11.780070,13.337045,19.296005,17.314408, 8.847967,12.306254,11.942396,11.765228,13.301704,19.247675,17.293123, 8.854327,12.340319,11.972717,11.775091,13.315063,19.256083,17.342273, 8.899339,12.428631
14.218730,14.929521,15.979170,21.212035,19.820807,12.082218,15.665748,14.325334,15.003413,16.029784,21.256910,19.853657,12.104043,15.699711,14.358060,15.033641,16.055322,21.288148,19.881934,12.121538,15.715761,14.369294,15.040194,16.064473,21.296208,19.885033,12.121100,15.715247,14.365790,15.039696,16.064228,21.296713,19.889553,12.125307,15.728032,14.380929,15.055218,16.076599,21.305181,19.899846,12.134810,15.736750,14.386157,15.053817,16.075489,21.307155,19.899855,12.131009,15.730910,14.382037,15.051969,16.075021,21.307078,19.893016,12.124579,15.717803
14.969752,15.696085,18.420672,27.062364,24.401903,15.533690,17.060760,16.034849,16.578835,19.051650,27.735211,24.885231,15.864556,17.478172,16.447375,16.959210,19.420404,28.184414,25.286409,16.140993,17.719513,16.617040,17.071967,19.536469,28.278772,25.274783,16.097378,17.660802,16.534161,16.979612,19.441753,28.142291,25.254301,16.144673,17.797537,16.686584,17.158052,19.590199,28.360300,25.515399,16.293213,17.951730,16.786059,17.166113,19.618637,28.357830,25.463226,16.245745,17.857097,16.728341,17.141648,19.602785,28.381611,25.401364,16.147464,17.687275
 9.747708,10.515972,16.431985,25.062888,18.932678, 9.772793,11.494252,10.838249,11.405350,17.248281,25.948642,19.466073,10.076887,11.906329,11.247606,11.788907,17.724596,26.549549,19.916889,10.333820,12.142820,11.415466,11.900887,17.876106,26.677627,19.908032,10.294727,12.087276,11.333564,11.811883,17.757019,26.500765,19.884485,10.338285,12.223289,11.488726,11.993715,17.952484,26.787079,20.174281,10.478308,12.376278,11.587422,12.001687,17.988358,26.789532,20.120785,10.433679,12.283747,11.530139,11.976687,17.968507,26.819220,20.047943,10.341211,12.114257
14.341514,14.748290,19.811107,28.542989,26.445770,15.764753,15.871576,15.595761,15.696181,20.556830,29.294982,26.988224,16.117369,16.292446,16.031201,16.087262,20.981520,29.803781,27.450697,16.416514,16.530932,16.207554,16.199814,21.115161,29.911955,27.443167,16.371560,16.474856,16.119481,16.109136,21.008670,29.760229,27.416437,16.421722,16.614119,16.287384,16.297106,21.188917,30.009684,27.719090,16.586711,16.768013,16.388037,16.301788,21.213344,30.003894,27.657889,16.531273,16.673434,16.327972,16.275624,21.196955,30.030296,27.583047,16.424103,16.501765
 6.263708, 6.085944, 9.108697,11.685537,12.792066, 5.701810, 6.995647, 6.760267, 6.461898, 9.436643,11.987208,13.051581, 5.834618, 7.179819, 6.947621, 6.623108, 9.627710,12.190554,13.269284, 5.946235, 7.285637, 7.024590, 6.670417, 9.688383,12.233384,13.264163, 5.928856, 7.260282, 6.986837, 6.632205, 9.639260,12.171714,13.250983, 5.947193, 7.319880, 7.056305, 6.707365, 9.715895,12.267999,13.390789, 6.007507, 7.388143, 7.101717, 6.711388, 9.731768,12.269755,13.365696, 5.988711, 7.347227, 7.075758, 6.701188, 9.723865,12.280241,13.331424, 5.948848, 7.272072
 9.751835,10.336813,14.344659,20.343572,16.076813, 7.859981,10.268359, 9.882662,10.448546,14.429631,20.427689,16.127694, 7.889114,10.312551, 9.928469,10.490939,14.479291,20.484322,16.172562, 7.915423,10.340244, 9.948552,10.504831,14.494117,20.494521,16.168735, 7.909885,10.331059, 9.936274,10.489384,14.474748,20.466412,16.160274, 7.912974,10.345240, 9.952849,10.509838,14.496061,20.502761,16.197621, 7.927810,10.363279, 9.963405,10.509846,14.497996,20.496055,16.185781, 7.922015,10.351175, 9.956834,10.507041,14.496617,20.502615,16.181267, 7.913312,10.332678
16.997417,18.879940,29.940399,49.429677,36.240330,19.330188,21.055439,18.453694,20.031717,30.961949,50.588751,36.891235,19.713990,21.559441,18.923782,20.486876,31.546588,51.385282,37.465574,20.051643,21.851641,19.119840,20.621507,31.726964,51.544430,37.445345,19.992554,21.771972,19.010793,20.496350,31.545035,51.238839,37.364934,20.037356,21.929747,19.187429,20.711288,31.790477,51.663196,37.778124,20.228313,22.127296,19.300945,20.722228,31.834446,51.649827,37.692461,20.165843,22.010319,19.236334,20.691690,31.813307,51.703605,37.607421,20.045461,21.801146
16.412346,16.397452,17.205056,23.856045,22.590877,15.278711,16.019149,15.490650,15.660999,16.683078,23.309917,22.163173,14.977989,15.664039,15.136268,15.335913,16.393501,22.956045,21.829192,14.747510,15.479460,15.001794,15.250027,16.298680,22.876147,21.823248,14.773689,15.509511,15.053915,15.296730,16.345640,22.938381,21.818642,14.730594,15.402954,14.929606,15.158022,16.243234,22.819727,21.655378,14.614706,15.288386,14.844087,15.141801,16.206146,22.780547,21.654017,14.640702,15.347649,14.888318,15.159626,16.219903,22.777146,21.716379,14.724859,15.481368
10.615729,10.108428,11.954642,20.775748,20.043585, 5.214472, 9.894308,10.328806, 9.826013,11.705505,20.427862,19.753859, 5.129190, 9.735841,10.160653, 9.681314,11.560683,20.213703,19.544951, 5.067523, 9.650661,10.096783, 9.641147,11.513486,20.163878,19.544539, 5.074102, 9.663740,10.116547, 9.660851,11.530099,20.186756,19.518317, 5.058874, 9.611529,10.059256, 9.598029,11.480623,20.115956,19.422696, 5.030254, 9.563871,10.019348, 9.593346,11.464977,20.100672,19.429613, 5.037340, 9.592654,10.041751, 9.601183,11.473447,20.099771,19.466922, 5.059327, 9.651081
11.708586,10.987605,12.981824,16.185242,22.048470, 7.682327,11.001235,11.167072,10.541913,12.610439,15.823643,21.640053, 7.527308,10.766921,10.923575,10.333744,12.403528,15.598761,21.338076, 7.413689,10.644809,10.833180,10.278380,12.336576,15.546239,21.333349, 7.424988,10.662434,10.862821,10.304639,12.359698,15.570453,21.300380, 7.397826,10.585686,10.776099,10.212340,12.284464,15.494615,21.160347, 7.343227,10.516061,10.720980,10.207098,12.265784,15.479218,21.169895, 7.357706,10.557496,10.752546,10.219054,12.276947,15.478724,21.226493, 7.398621,10.643602
18.047359,20.688115,29.844864,44.809257,26.486862,14.124727,17.187884,16.118575,18.842609,28.037828,42.726413,25.449505,13.542109,16.403980,15.357980,18.045412,27.053723,41.418225,24.663234,13.105642,15.997571,15.073285,17.834001,26.738240,41.126626,24.655591,13.155752,16.066292,15.182525,17.953537,26.893777,41.349017,24.627045,13.069196,15.827974,14.919540,17.612100,26.542037,40.890251,24.238798,12.854681,15.587772,14.747768,17.585026,26.441027,40.789923,24.260974,12.909820,15.722667,14.841911,17.628338,26.486544,40.769914,24.400680,13.064647,16.009025
12.209811,11.917814,15.654813,17.262133, 8.723174, 7.331906,14.303562,14.998455,13.987149,17.245117,18.525146, 9.251319, 7.809877,15.332187,16.127044,14.932688,18.216958,19.413520, 9.712372, 8.227996,15.943358,16.607349,15.217512,18.532700,19.602563, 9.701034, 8.160773,15.793104,16.366456,14.983399,18.267742,19.317472, 9.665140, 8.226746,16.135640,16.799004,15.434411,18.664627,19.745643, 9.969570, 8.459125,16.545594,17.091010,15.463689,18.755535,19.760136, 9.917642, 8.388143,16.304145,16.926876,15.402023,18.714717,19.808401, 9.843633, 8.235335,15.861271
11.322096,10.723165,12.666173,15.527648,10.116335, 7.273468,10.742290,10.597326,10.109875,12.152548,15.031575, 9.834355, 7.062203,10.414735,10.265783, 9.822765,11.865154,14.721707, 9.625240, 6.906875,10.243706,10.141539, 9.745998,11.771560,14.650489, 9.622523, 6.923299,10.269645,10.183795, 9.784022,11.808487,14.690412, 9.605694, 6.888914,10.166699,10.069302, 9.660760,11.708515,14.589248, 9.508981, 6.814455,10.067418, 9.991920, 9.649971,11.676380,14.561582, 9.511865, 6.832328,10.123464,10.034131, 9.665521,11.691452,14.560034, 9.550276, 6.888070,10.243702
11.861110,13.348129,18.674379,30.637354,23.581477,12.422958,12.342787,14.167267,15.481232,20.549828,32.921909,25.021355,13.236002,13.255172,15.246339,16.527483,21.706386,34.484804,26.215219,13.914400,13.791441,15.695118,16.839062,22.086931,34.834461,26.196662,13.818961,13.676979,15.500603,16.619296,21.842498,34.466505,26.214422,13.955089,13.998551,15.915115,17.122408,22.307379,35.156852,26.927220,14.315650,14.337247,16.187634,17.144590,22.403543,35.185287,26.805759,14.204411,14.127184,16.028000,17.077424,22.347065,35.245075,26.602670,13.956191,13.742496
 8.737725, 9.151535,10.908214,16.096035,17.832866, 7.058911, 9.855180,10.472419,10.548914,11.906293,17.145620,18.748952, 7.470343,10.497655,11.183151,11.188419,12.509865,17.870513,19.530106, 7.822209,10.874645,11.480635,11.378836,12.705093,18.026988,19.513632, 7.768308,10.786290,11.337828,11.229401,12.554324,17.816088,19.478091, 7.829353,11.003399,11.609928,11.535157,12.800610,18.158301,19.978692, 8.021767,11.250258,11.789439,11.551512,12.852207,18.167148,19.890570, 7.962089,11.101734,11.686499,11.509615,12.825455,18.201999,19.762646, 7.833799,10.829983
 8.383467,10.508406,11.030599,18.043634,17.977906, 7.921004, 9.811104, 8.631828,10.707316,11.143843,18.160315,18.062557, 7.965428, 9.881137, 8.698377,10.780395,11.206578,18.247875,18.146827, 8.007687, 9.920279, 8.726199,10.800513,11.227118,18.264940,18.146478, 8.000415, 9.909788, 8.709262,10.781922,11.205310,18.228221,18.125455, 8.002939, 9.929238, 8.734909,10.814815,11.231451,18.269060,18.182954, 8.028088, 9.957536, 8.750915,10.817904,11.238038,18.274856,18.177763, 8.020627, 9.943103, 8.742503,10.813690,11.237041,18.281281,18.164093, 8.005407, 9.913273
22.504173,21.812641,25.305960,31.948068,32.057714,23.775107,23.575660,23.265502,22.432656,25.778779,32.401481,32.429912,24.062587,23.895458,23.593606,22.715570,26.052597,32.697519,32.724849,24.290721,24.074132,23.723528,22.796155,26.141388,32.763672,32.723126,24.261482,24.039176,23.670124,22.743600,26.090958,32.704042,32.734261,24.308610,24.147393,23.791882,22.875270,26.198084,32.826257,32.898347,24.425604,24.254729,23.868004,22.879771,26.218159,32.833090,32.872290,24.389244,24.187691,23.822734,22.862632,26.205560,32.842640,32.822082,24.307965,24.061665
16.884686,17.535964,18.722359,24.585244,22.520982,12.727754,17.455048,16.912705,17.508501,18.662348,24.503089,22.446163,12.688449,17.407795,16.869221,17.467281,18.625877,24.457468,22.402724,12.667326,17.387112,16.856386,17.458451,18.611920,24.443074,22.397621,12.665391,17.382510,16.850341,17.449201,18.598571,24.421196,22.371004,12.654337,17.364271,16.835913,17.432939,18.590371,24.425346,22.373062,12.648378,17.357378,16.825384,17.430724,18.583920,24.412037,22.362828,12.647476,17.361017,16.831041,17.432277,18.587877,24.418628,22.375013,12.655892,17.375776
18.251670,17.054773,18.349939,26.181258,26.040102,13.143105,17.793050,17.047610,16.063839,17.611538,25.362374,25.359173,12.780935,17.262600,16.522771,15.616576,17.197309,24.849322,24.847104,12.509098,16.979236,16.322334,15.493558,17.064724,24.734994,24.847762,12.542006,17.030168,16.398477,15.566857,17.132412,24.824987,24.822532,12.485344,16.863657,16.217637,15.372512,16.984472,24.636054,24.561517,12.352644,16.697354,16.096144,15.358269,16.942590,24.605296,24.586357,12.387809,16.794655,16.163714,15.383019,16.963146,24.595550,24.674317,12.483967,16.991386
18.820328,16.746536,21.578470,30.630953,29.368924,12.776883,16.903339,18.725293,16.584644,21.376595,30.371189,29.140469,12.677744,16.775772,18.585303,16.471671,21.254446,30.215136,28.987597,12.612360,16.710329,18.534899,16.442021,21.211629,30.174606,28.981624,12.615667,16.713622,18.540283,16.444680,21.208147,30.161858,28.938571,12.594726,16.669584,18.493841,16.397961,21.172468,30.134467,28.896139,12.568137,16.637033,18.459386,16.392704,21.154770,30.109512,28.885319,12.572037,16.655744,18.478013,16.397804,21.163624,30.115982,28.917370,12.596057,16.700954
11.698514,10.610255,12.943646,15.811203,13.511431, 5.993079,12.106887,10.536680, 9.700951,12.182432,15.092464,12.993685, 5.739418,11.578793,10.058206, 9.299759,11.764970,14.642414,12.604193, 5.550507,11.304283, 9.878977, 9.192936,11.630646,14.541381,12.600337, 5.571848,11.349689, 9.945778, 9.251669,11.693726,14.613435,12.581738, 5.533293,11.187896, 9.780775, 9.079898,11.545812,14.458267,12.392480, 5.441149,11.026612, 9.671814, 9.065872,11.501971,14.422610,12.402301, 5.464427,11.117417, 9.731449, 9.087610,11.521920,14.416692,12.471815, 5.531536,11.310353
13.966908,16.552048,16.441208,23.604625,28.360647,11.533304,14.818206,14.173912,16.662147,16.458227,23.587168,28.318415,11.522501,14.820437,14.181067,16.669145,16.463752,23.589225,28.316850,11.527741,14.826654,14.188639,16.673658,16.463091,23.583818,28.309274,11.521235,14.815390,14.171209,16.651061,16.436202,23.539752,28.259208,11.512106,14.811161,14.175841,16.656681,16.445447,23.568764,28.302608,11.521720,14.823084,14.177321,16.656331,16.443117,23.556964,28.283740,11.516170,14.816994,14.176654,16.654879,16.446077,23.567366,28.291158,11.515072,14.811540
14.907482,15.095735,18.313653,24.434815,23.172173,14.681034,14.235111,13.703647,14.046199,17.438114,23.531791,22.456470,14.208572,13.725175,13.196753,13.577707,16.952985,22.962581,21.914551,13.853896,13.457446,13.005227,13.451772,16.796484,22.834941,21.910442,13.894827,13.502831,13.077455,13.522622,16.872194,22.929386,21.885974,13.822776,13.345265,12.901767,13.320780,16.699311,22.730025,21.619061,13.648967,13.187362,12.785379,13.304684,16.648637,22.686851,21.635199,13.693461,13.276922,12.849322,13.330189,16.671775,22.678120,21.731318,13.819581,13.465151
11.569954,12.089433,15.164151,20.850311,18.174874,10.561109,11.828494,11.061663,11.638134,14.775376,20.437365,17.871840,10.376087,11.601522,10.842368,11.430392,14.556450,20.175228,17.641931,10.236941,11.481637,10.759038,11.374298,14.485307,20.115589,17.639728,10.252645,11.501265,10.789436,11.404611,14.517682,20.156253,17.626985,10.223361,11.430042,10.712798,11.314507,14.439949,20.065914,17.514999,10.155110,11.358605,10.660793,11.306419,14.415313,20.043692,17.519931,10.171784,11.398589,10.688988,11.317959,14.426522,20.041066,17.561792,10.222002,11.483504
22.146950,22.513329,24.968860,33.043410,19.061890,15.756683,23.482676,22.682172,22.819217,25.076803,33.086277,19.058563,15.768296,23.534047,22.744858,22.872167,25.127713,33.125290,19.078407,15.799004,23.576178,22.778718,22.894595,25.134814,33.122580,19.067762,15.783556,23.543927,22.734605,22.838699,25.074005,33.032690,19.029981,15.776632,23.557812,22.763235,22.874515,25.114657,33.122771,19.091210,15.804056,23.595587,22.772845,22.866956,25.100545,33.077041,19.057402,15.786317,23.565969,22.763206,22.859620,25.103169,33.099589,19.062836,15.777884,23.538526
13.124695,14.659140,19.478709,27.865886,26.499826, 7.819902,14.321611,13.383740,14.824676,19.587955,27.952123,26.553206, 7.840609,14.376010,13.438991,14.880140,19.644907,28.027925,26.621013, 7.863401,14.404024,13.461690,14.893319,19.665259,28.042926,26.625068, 7.859948,14.397390,13.446223,14.882076,19.643875,28.009823,26.599056, 7.859133,14.410499,13.469723,14.906557,19.669368,28.038616,26.641411, 7.874078,14.433099,13.482359,14.909517,19.676096,28.051302,26.645333, 7.869953,14.424005,13.476256,14.906752,19.677114,28.056957,26.632017, 7.861438,14.399725
 6.712010, 6.252165, 6.911021, 9.400601, 7.939004, 6.286966, 7.234066, 5.978463, 5.662643, 6.458672, 8.932655, 7.602128, 6.008968, 6.886705, 5.676043, 5.401257, 6.211504, 8.641476, 7.351082, 5.804132, 6.707696, 5.563589, 5.332189, 6.131894, 8.575584, 7.347767, 5.826455, 6.735905, 5.604073, 5.368284, 6.166766, 8.618542, 7.333626, 5.783698, 6.630004, 5.500409, 5.257175, 6.080438, 8.521322, 7.214698, 5.684565, 6.524928, 5.430990, 5.247050, 6.052970, 8.495476, 7.218350, 5.708418, 6.583067, 5.468459, 5.261203, 6.065255, 8.493158, 7.263929, 5.781541, 6.709052
22.458956,18.785175,32.537690,44.528138,38.805475,12.804240,20.170674,20.834776,17.626927,31.217672,43.146613,37.811262,12.449554,19.559047,20.181675,17.125068,30.482717,42.267326,37.042470,12.176446,19.230836,19.930223,16.986921,30.248713,42.075299,37.045620,12.211605,19.294463,20.034397,17.076684,30.386689,42.258701,37.034120,12.159473,19.104645,19.806216,16.856777,30.116023,41.916602,36.621291,12.022632,18.908304,19.657169,16.842510,30.047457,41.873198,36.668252,12.060891,19.023154,19.740784,16.870636,30.080400,41.848540,36.797562,12.157138,19.252596
 7.978474, 9.558710,12.035226,20.509726,20.336324,11.147923,10.665365,10.163287,11.523317,13.528275,22.319492,21.766935,11.997705,11.606695,11.103672,12.465590,14.446586,23.585587,22.991011,12.724782,12.159400,11.496983,12.743958,14.749715,23.868215,22.977670,12.621379,12.039682,11.318267,12.542860,14.543979,23.546535,22.961746,12.758233,12.370178,11.689004,13.001630,14.923560,24.118097,23.713429,13.155935,12.730496,11.928782,13.023216,14.999846,24.146514,23.592150,13.032883,12.512383,11.789526,12.960893,14.957295,24.197005,23.379183,12.763586,12.107941
15.302964,16.456300,19.527469,27.448465,29.277890, 9.319612,15.833565,15.557070,16.623766,19.622241,27.525028,29.330126, 9.341283,15.883265,15.610692,16.674357,19.671824,27.581506,29.387399, 9.363800,15.912600,15.633661,16.689381,19.686166,27.591032,29.384109, 9.358869,15.902103,15.616693,16.670536,19.663429,27.556632,29.362459, 9.359781,15.916848,15.638618,16.696154,19.688298,27.596806,29.416892, 9.374309,15.938557,15.650026,16.695882,19.688638,27.589951,29.401136, 9.368371,15.925258,15.642885,16.691997,19.688219,27.597171,29.394349, 9.360623,15.903709
13.248568,13.247448,15.767073,22.217065,22.283867, 6.514297,13.850191,13.011971,13.011760,15.545103,21.959463,22.058170, 6.442948,13.702890,12.871534,12.884917,15.418777,21.803191,21.900340, 6.393780,13.627977,12.821054,12.851972,15.376572,21.764031,21.894852, 6.397081,13.634374,12.831581,12.860283,15.379956,21.763297,21.861554, 6.382742,13.584197,12.782187,12.804889,15.337255,21.722722,21.803511, 6.360755,13.543953,12.749286,12.800589,15.323294,21.705224,21.800243, 6.365442,13.567473,12.767714,12.807604,15.331616,21.709516,21.832721, 6.383562,13.620330
 4.381518, 5.173587, 6.928906,11.805420, 8.766759, 4.281131, 6.851548, 6.290031, 7.123612, 8.575570,13.856936,10.051995, 4.994427, 8.033451, 7.428552, 8.250595, 9.692404,15.354159,11.166268, 5.618461, 8.771072, 7.927615, 8.600578,10.082080,15.705162,11.152635, 5.533169, 8.620230, 7.723828, 8.371506, 9.860336,15.393304,11.207459, 5.667690, 9.079304, 8.189623, 8.939520,10.320380,16.028425,11.854381, 6.005664, 9.552834, 8.502220, 8.961416,10.419658,16.074004,11.752083, 5.901255, 9.252619, 8.316177, 8.889123,10.362005,16.130076,11.551418, 5.665311, 8.709417
18.375762,20.778516,30.743009,47.387219,36.639875,17.479728,21.884329,17.256826,19.666823,29.596081,46.001303,35.733906,17.029643,21.271838,16.754736,19.153890,28.953706,45.131512,35.055538,16.694924,20.949161,16.565160,19.015418,28.745465,44.933653,35.049692,16.732090,21.001432,16.632877,19.089243,28.836567,45.060890,35.003362,16.659913,20.808347,16.458529,18.867120,28.609023,44.762793,34.677438,16.497763,20.620305,16.342335,18.849854,28.541767,44.696108,34.696408,16.538888,20.728360,16.406575,18.877902,28.574178,44.686436,34.818220,16.658339,20.954656
17.508771,16.732407,17.658928,23.097066,23.605983,16.939394,19.023777,15.909060,15.388437,16.650195,22.061360,22.714747,16.284039,18.220315,15.213174,14.777483,16.093616,21.416493,22.053469,15.802842,17.804914,14.953503,14.615379,15.913160,21.270049,22.044750,15.854971,17.869330,15.044826,14.698006,15.989923,21.361811,22.004672,15.753910,17.624822,14.808299,14.440389,15.799238,21.152586,21.697240,15.522772,17.381232,14.645975,14.414348,15.733047,21.089857,21.701455,15.575988,17.514526,14.732503,14.446802,15.761307,21.085798,21.821803,15.748047,17.806437
 9.747708,10.515972,16.431985,25.062888,18.932678, 9.772793,11.494252,10.838249,11.405350,17.248281,25.948642,19.466073,10.076887,11.906329,11.247606,11.788907,17.724596,26.549549,19.916889,10.333820,12.142820,11.415466,11.900887,17.876106,26.677627,19.908032,10.294727,12.087276,11.333564,11.811883,17.757019,26.500765,19.884485,10.338285,12.223289,11.488726,11.993715,17.952484,26.787079,20.174281,10.478308,12.376278,11.587422,12.001687,17.988358,26.789532,20.120785,10.433679,12.283747,11.530139,11.976687,17.968507,26.819220,20.047943,10.341211,12.114257
