0.368761506661928
0.37066953293471
0.280378993665334
0.42565553136565
0.469298653173519
0.344318134483767
0.348151429806892
0.328724732388462
0.458587729459005
0.46392309362004
0.554454592577302
0.521107880639982
0.520087425676922
0.505300622916977
0.370831441305636
0.238308342597965
0.402451858750039
0.282142929086695
0.249046430256112
0.478734186016006
1.0181717386953
0.330430618023098
0.489245837015227
0.335540731827917
0.422239618027332
0.500492327506654
0.467926403907302
0.886832694045918
0.351546730768079
0.257735644052503
0.312774413463949
0.359535456838039
0.417808993808469
0.349338768151882
0.337804940139469
0.375623281730437
0.471687073323639
0.359615462100658
0.330293594473189
0.476785344423354
0.399246237387331
0.282397098885902
0.491579293651339
0.354175222864667
0.38146686429272
0.43811598803554
0.368761506661928
0.852504921085473
0.992586111670755
0.554454592577302
0.519073653114934
0.297835580317486
0.426569583997622
0.522431044688873
0.393442362274154
0.38970680731922
0.416908003007743
0.356493577916247
0.528678684240344
0.676264974053326
0.33033491349122
0.338185289648976
0.311692762491538
0.393108510105878
0.525204809317863
0.387929531382166
0.452892894119747
0.828087131029225
0.421624614357624
0.309244279974401
0.63739380480101
0.985732769552444
0.327838561025453
0.556695263426174
0.311507688481013
0.566283441346549
0.463305779705431
0.4922468612303
0.340164456858171
0.454905382600163
0.408318318292218
0.350834297298253
0.42078199845018
0.609161612953909
0.315354949915127
0.483138622429332
0.287919860983526
0.640430770492684
0.679957292024035
0.325665448707174
0.3420378264139
0.6186470262435
0.655888845864375
0.568988816693335
0.522633074743936
0.417528691536197
0.550328074245533
0.534412800402108
0.494356359699971
0.389285309383552
0.452788262084649
0.354485090822057
0.834800805215764
0.248984809064977
0.423512604006687
0.247465183537604
0.485592099058752
0.824489126155249
0.273125028319813
1.54634056829274
0.340164456858171
