0.854122154299
0.736684500078563
0.796011833991682
0.958462743343188
1.15856025902807
0.811363526242653
0.68992436479655
0.702237256781217
0.668838320204813
1.18444829007759
1.21199952101366
0.925737109771719
1.17806966179532
1.0497441489288
1.03099979887675
0.66575860515213
0.888129401665341
0.652943259322277
0.639158638524042
0.853951178548495
2.08243300344612
0.805856530774765
1.12397816816416
0.721792714966745
0.717320813388341
1.01573394940514
0.874716654284906
2.11378675129359
0.939756672475703
0.607942946700259
0.694358371974412
0.821085537912858
0.907760696461822
0.778960232534434
0.951249102226614
0.771191054316884
1.2996092290358
0.76952393584136
0.707312460071702
1.01420224032867
0.980680393752227
0.695067632476078
0.944777045101947
0.772507099294357
0.707600121571891
0.93302110127845
0.854122154299
2.02092768081383
2.14493211884461
1.21199952101366
1.01869091717183
0.739365696775407
0.756712885824174
0.867219734788292
0.820060625224739
0.784997181824542
0.800932656417693
0.811845898807374
1.12047915872343
1.07135924994781
0.768785393580874
0.764046194660636
0.831086886155241
0.723124505264843
1.20041537319451
0.982027253930718
0.648677971450254
1.13479882764149
0.844918496836643
0.702937128189797
1.02848527648929
1.79362852714652
0.745879072258507
1.1066158814725
0.810170621629166
1.07307966499503
0.703829849140476
0.918521299853615
0.702266289314051
0.780442120754106
0.727990680381697
0.768517139682304
0.948444329142741
0.95644414656529
0.690298801023113
1.01861333843812
0.657275597041679
1.08743441066879
1.11390516652965
0.713587680613217
0.601911511779709
1.50486098447293
0.985151108688963
1.03802330025778
0.838001706067864
0.981702348716698
0.846489085401175
1.20305910297088
0.942242364375963
0.729712252901473
0.80232737511036
0.846917378247986
1.13169006043421
0.579822807515264
0.846046739118184
0.501756462135029
1.08737427924034
1.76292500210462
0.792962754019008
2.13171392238312
0.702266289314051
