0.861102129991398
0.737249331658948
0.806452654589981
0.956328614044756
1.16122774409263
0.813549431343183
0.686207660757089
0.690501938282582
0.663965441668107
1.18974773480307
1.21628626850224
0.945486401915539
1.15713094118049
1.05538849541037
1.03072088408065
0.664820011752743
0.878156530779258
0.651720318300546
0.637232682877849
0.857307709457064
2.01763290245737
0.805094986203141
1.12565419134134
0.721679444889434
0.71844329368122
1.01877506806133
0.875660828500781
2.0576360651734
0.93794748810437
0.606463172823124
0.694517108270695
0.824535472526308
0.91042793447846
0.780244825994133
0.945986703477667
0.771548420332985
1.29501103526176
0.771118740258446
0.710121695089235
1.01747422346972
0.980327697146717
0.67735099035879
0.951227737662083
0.773720868121822
0.707511902905785
0.943189317865184
0.861102129991398
1.97769979203193
2.11117410790059
1.21628626850224
1.02566756403315
0.741268573301994
0.757969491507971
0.868396571007197
0.825877028810595
0.783483609788569
0.802193333504258
0.80588632579175
1.11987141864576
1.06732523120247
0.769956655162956
0.762887984032724
0.83677130382966
0.725845397688879
1.15535889202966
0.982708785876753
0.650205239267836
1.13390735233369
0.839384874948317
0.704311575345893
1.02935406898441
1.74670004142901
0.745319037270056
1.1180250945694
0.810186990509932
1.0911207458664
0.709071196716116
0.917995489535434
0.703434669404023
0.785000216285326
0.728125817873636
0.769955202879081
0.94752963908105
0.958006178851663
0.690066202840783
1.00780643576116
0.659855031117216
1.0982215168955
1.11655767175086
0.714927111884076
0.600161876515404
1.52702145583873
0.987947541463723
1.03708583432364
0.848367153491947
0.980913885567444
0.844903949974204
1.20435805020298
0.944556684726035
0.729648716951239
0.795655514155203
0.857391947543655
1.12982166134985
0.580971135831408
0.843005087136953
0.502443073376682
1.08406495173596
1.71940470819352
0.78657931649756
2.13710899731966
0.703434669404023
