0.86345634145891
0.729109322395439
0.767628026227409
0.956648679869709
1.15365652301437
0.810260783819466
0.703074305647164
0.697792613917771
0.6708705421059
1.17554591165562
1.21244616594668
0.917500069884827
1.16503205196958
1.05586099105449
1.03060449817866
0.665588989634281
0.870949943778672
0.649369718306613
0.632981126532167
0.853188938992935
1.98477705239058
0.80454779913171
1.12583250446046
0.722367944733962
0.726061773387569
1.02080607700258
0.868418916746395
2.02169180788832
0.944161147600235
0.610478393273073
0.697826664935778
0.821149627389748
0.904460719994634
0.7754530253556
0.943150902056309
0.770960827477163
1.3099819114754
0.772394111722471
0.711246198995306
1.0091936022996
0.981671290228694
0.683754024784717
0.947510157087821
0.776436132701897
0.708968049696401
0.921984724955488
0.86345634145891
1.95661523669004
2.08589712858222
1.21244616594668
1.02174536953041
0.733516327933213
0.756151158625219
0.87555203701355
0.817185132566165
0.779895598774034
0.79521307047372
0.81335560993988
1.1219963346918
1.07804666372729
0.766084411047081
0.761886827638383
0.825277469135994
0.710029784719565
1.14103101138196
0.980451085717955
0.656464450782667
1.15803852098783
0.844125544390378
0.707540961307068
1.02497263345489
1.72270904385144
0.75080611250554
1.10100338806777
0.810586444361747
1.06947427600243
0.701638049360449
0.919320602261488
0.699250120678499
0.78053750639391
0.729101280348379
0.765009359042516
0.938225537954189
0.96260560879014
0.689097044709393
1.02337693430046
0.645413711414265
1.09891822799173
1.11566141230534
0.736562841208386
0.59515852995417
1.49893553451752
0.984538682389551
1.03492223708088
0.84617731121877
0.980062563915839
0.851685174358794
1.20206384252153
0.945037594117028
0.729333122746999
0.812129538552412
0.852191246960331
1.13972833335743
0.581247022550831
0.845264035631907
0.5004680897075
1.08692716268308
1.7028520446711
0.795426272981095
2.13542224964929
0.699250120678499
