0.859277133283387
0.728382717984356
0.767930325928877
0.954851901580109
1.15383720432211
0.810800047841482
0.698937456016372
0.697041827650782
0.670269886460084
1.17405028737802
1.21268989439969
0.919038103054266
1.16091641429253
1.06153014725708
1.02875217436238
0.665867298790011
0.872909400922378
0.650144836114258
0.634689643142613
0.85388343106061
2.00441351164205
0.806178097402517
1.12873373101876
0.722823789121424
0.725674292404755
1.01899621599268
0.868799835696196
2.03732456311207
0.944363249166658
0.610173034874001
0.697602680188761
0.821533099586532
0.904995789966829
0.775121666706307
0.942865228887524
0.770790272313575
1.30987721569597
0.772278248754718
0.709201382605773
1.00919851225924
0.981344842243195
0.67514700360331
0.949143848329626
0.775033768511842
0.70852063067839
0.91739365053475
0.859277133283387
1.9671030247195
2.0995209690501
1.21268989439969
1.01405388905667
0.732555477048804
0.758410910961376
0.87480583328294
0.817537853744955
0.777855276855867
0.793588032322484
0.81259900504431
1.12022317677102
1.0766170885982
0.765946643753441
0.761118132139577
0.825396897249208
0.709074374669568
1.15138727681663
0.980505554943698
0.655169296810336
1.15174972233391
0.842775760069523
0.708571254157623
1.0253200307586
1.737976753221
0.749366137662756
1.10600320754928
0.810516367212569
1.06876135728068
0.702954428070492
0.919404755692964
0.698922880932237
0.779369477668461
0.72946806589507
0.764775843180472
0.938778227644475
0.955624926522765
0.688760465349972
1.0206810040929
0.644111680574314
1.09535446921735
1.11600398562476
0.736198416028903
0.596541123768867
1.50699391765431
0.984874603339465
1.03519440429122
0.849736883035116
0.980976154096597
0.847587486531877
1.20341184958899
0.941715782719793
0.728950228840411
0.811353689821485
0.855768479501859
1.13258296636435
0.580631337523304
0.842916075766
0.500866503116142
1.08603787081277
1.71699145354677
0.794686426344456
2.13156893987462
0.698922880932237
