0.859127779331628
0.732297955661259
0.79275599895734
0.955712965326825
1.15551448544105
0.811666351529361
0.692451864624769
0.697463018506352
0.669949919660714
1.18065337993357
1.20995662778452
0.927760610673986
1.16577488957694
1.05012379351147
1.02992955534998
0.664877109727838
0.886484992175062
0.65040493167527
0.636665326335439
0.852619734884609
2.07812994893477
0.804665170654223
1.12469791509177
0.719467167310488
0.721083498798239
1.01737485306709
0.871374378403014
2.10738366830366
0.940428266185601
0.607853094618725
0.695597506133811
0.820211723046539
0.905294961939051
0.776632640942527
0.94687261248011
0.771326752404664
1.30344106326923
0.771444725209619
0.7094898776209
1.01090640182406
0.978710104283285
0.685352665719685
0.946203220045768
0.77396452638221
0.707219647474547
0.926854994926264
0.859127779331628
2.01825543598891
2.14270784149464
1.20995662778452
1.01857345246971
0.737822446545456
0.755664844859881
0.869789388463548
0.818580528227004
0.782463978728538
0.79808463929914
0.811000364451903
1.12029741139915
1.06983559239211
0.767731131894696
0.761891617686038
0.828951291078795
0.722527648825962
1.19823037980875
0.981080160357382
0.651755941051105
1.13133183394991
0.843819974120282
0.705718203178965
1.02772950923174
1.7920833894073
0.74366478938382
1.10654962898682
0.809510790808311
1.07069660076513
0.704200321884769
0.91799436578876
0.701535918529285
0.782449665979147
0.728337316912955
0.768087271294576
0.943911558861915
0.958219528381863
0.690199225587564
1.01846701911792
0.649164226885953
1.08905360237928
1.11748530068345
0.711285590885704
0.601737532547385
1.50337198493087
0.984774291547687
1.03567719701881
0.841025911770403
0.980059705107503
0.849014314264442
1.20139205562267
0.944803345931003
0.729286904627308
0.805162520669536
0.849670110336067
1.13718455605894
0.579955075713039
0.845893477084382
0.501556552648567
1.08481053586561
1.76218363155871
0.790964515801414
2.13318934344012
0.701535918529285
