0.847530225939308
0.732340870765828
0.819292602594319
0.956154805157812
1.16291054279071
0.814992070038816
0.681153374679275
0.699489343783466
0.666461034135235
1.18631214296042
1.20476038391097
0.947457393552623
1.1606283977617
1.04791627298462
1.03315127846541
0.660866085626004
0.909401831736153
0.654789746579787
0.647098500562177
0.854229040626306
2.18393142286045
0.802828323066896
1.13164349408125
0.719426527493998
0.709812977631036
1.01236370641104
0.874461115117569
2.20581747046891
0.937345680154956
0.607032639872317
0.69635000171253
0.828527465710753
0.910915475698305
0.779103553163515
0.956669261892812
0.770154902871475
1.29495723919394
0.764826880245722
0.704508639503354
1.01225682487512
0.976480037193382
0.674855741242206
0.944129937761092
0.774197867510976
0.710030561012141
0.933265833291842
0.847530225939308
2.08788806444221
2.21458414759271
1.20476038391097
1.00762412908617
0.742158054600329
0.756071953365804
0.862113413470043
0.822960870355454
0.781220834636596
0.801474109784622
0.803142977751503
1.11168557839279
1.06542159051452
0.772521220662067
0.763305464396175
0.838562500644086
0.731008124680731
1.27089679641286
0.982324025757421
0.64951635434953
1.1252651280596
0.844052293288214
0.703516129662953
1.03527946406551
1.86729634237068
0.740611333270268
1.12015270447897
0.810880196852148
1.06499996401653
0.710861839659465
0.920152912951479
0.709236509907271
0.789531495408118
0.727521457353442
0.771806513678742
0.952391477954805
0.953297197746319
0.690497960462194
1.00980717508088
0.705041951340664
1.07651501586909
1.12159638756714
0.694943192290658
0.611825419046547
1.52950565562973
0.991544423420724
1.04095761053237
0.834079461900366
0.982292833971226
0.824784970083974
1.20587487134014
0.930764486286872
0.728668988779363
0.799320833272848
0.859734066677813
1.09867313073394
0.580451952290936
0.855412981094648
0.502035669426453
1.08646961987015
1.8375336614813
0.775341380113644
2.1054706815821
0.709236509907271
