0.849842387296527
0.735931395043873
0.79596872258581
0.957794278258434
1.15854175508994
0.811682892588602
0.688234141919121
0.702545426892914
0.669088203162897
1.1832472141586
1.21045242569651
0.926806885703748
1.17807555466012
1.04903938603288
1.0308427807128
0.665239112350774
0.88748845969117
0.652619758298453
0.639375297121973
0.853966888998339
2.10075889870735
0.805250978713006
1.1228262511989
0.721870510868762
0.714892440720209
1.01507498564124
0.874162014538399
2.12465591466958
0.939986431283636
0.607849269244154
0.694530554558796
0.822961490255748
0.907934395240991
0.778984744478686
0.951037475741165
0.770868290407118
1.30035020500715
0.768144384307469
0.707667723775892
1.01295711661113
0.980360995757699
0.692760649413464
0.944319814197571
0.772250317275484
0.70749156448409
0.932550931831993
0.849842387296527
2.02964962349514
2.15505532846991
1.21045242569651
1.016510517458
0.739222019278861
0.756390301629532
0.867562906096467
0.820287851982388
0.785514900901711
0.800612040894605
0.80994794427416
1.12011711147617
1.06889211585355
0.768551825789501
0.763744460292224
0.831372038976296
0.720884789927787
1.21062833351507
0.981976921996551
0.647880521161879
1.12846259372418
0.84473316061607
0.704030233471926
1.02790890863885
1.80622754183573
0.741421119182948
1.10742797902015
0.810265965336053
1.07043244457172
0.70454495783534
0.918659714925998
0.701967597903539
0.780664572305062
0.728601627003552
0.768248451676931
0.948939827967207
0.955438498486592
0.690585526622435
1.01787029786317
0.660733934597625
1.08574247511187
1.11470943411486
0.709508114026491
0.60130031013716
1.50546412894133
0.985886870684681
1.03836104373463
0.83760999755376
0.981898208428602
0.844453939493536
1.20300756817337
0.939433267015678
0.729359134383823
0.803272682561309
0.8485203493002
1.12818395760961
0.579187464828446
0.844800275664773
0.502037563768917
1.08773596408805
1.77142746869887
0.790506531285015
2.12947418090608
0.701967597903539
