0.845254046531192
0.725332809015582
0.756610864280761
0.954156489359665
1.15246232888185
0.811914990920122
0.698822829905228
0.696489534799053
0.67386886918439
1.16872040511355
1.20492066766243
0.91421643611198
1.16032362094772
1.05555921942807
1.02576472638083
0.663496920470988
0.865191583524373
0.647929419381039
0.63772135264874
0.850730700214949
1.95367496622592
0.802071876157711
1.12674561092013
0.723783413302087
0.718799009925148
1.01805520359046
0.86597269702187
1.98910984670603
0.946678441165175
0.609778022788222
0.69867008769645
0.824714424259832
0.905349180500097
0.772966054710822
0.941373142438731
0.76913130969734
1.31438911061303
0.766077636327456
0.708125306096856
1.0040137008256
0.983273146621781
0.674197717270339
0.948214985954686
0.773516448231034
0.710281379725304
0.912559632036751
0.845254046531192
1.92746603749717
2.07093760003202
1.20492066633565
1.00929157860277
0.731862812992934
0.754983719595389
0.873556256531256
0.816417139329049
0.776605902646433
0.792279378198955
0.808348260342199
1.11474697958285
1.0704045506031
0.766831760134483
0.761132364505924
0.823728619964296
0.703367426822231
1.11895978750873
0.977247969393205
0.645825992848083
1.14032376942137
0.843050200819343
0.710926809741309
1.03027322568422
1.69727264649677
0.744216103832399
1.09731398703388
0.812265055733267
1.06423401821747
0.703135754973315
0.922239978166279
0.694613629824524
0.778818995357101
0.733145397228512
0.764922632253599
0.936660376826812
0.95410021365854
0.690361972400393
1.0204745145797
0.650369714871022
1.11851534209994
1.11810768065121
0.746637855758249
0.592913235595717
1.49849602884536
0.989280489157913
1.03423753122675
0.842729479307735
0.981906928292567
0.842483648499063
1.20161111666226
0.932943157170507
0.728447139838057
0.817523714971451
0.853004963260674
1.12527945492706
0.577039112875998
0.831204232238683
0.502549211385353
1.08788332982126
1.67124343606023
0.788076256447962
2.12875375150768
0.694613629824524
