0.855732094452359
0.737094622242614
0.807056101429054
0.956801499278505
1.16221565943492
0.813838126698355
0.68406460815426
0.691951030285457
0.663451801861862
1.18909868051316
1.21609605413434
0.945070005488293
1.16137904826118
1.05497047724583
1.03060542816455
0.664052756421447
0.884419314274239
0.652462127466058
0.63975469888719
0.857360706155484
2.05095662530194
0.803608649262708
1.12610785203023
0.722615114291099
0.716478278774453
1.0162048888735
0.875864534790536
2.08943435751094
0.937565330477985
0.60634830145119
0.69416552493028
0.827359730857593
0.911276490615139
0.780797618063035
0.947968020610765
0.770943259043052
1.29418924106571
0.768520202612518
0.708730061268061
1.01714766260138
0.980786304834519
0.678182192955549
0.94922773347413
0.772433965896186
0.707649347521786
0.943155686278907
0.855732094452359
2.00271032482458
2.13221193325893
1.21609605413434
1.02185381491128
0.741164897357675
0.757385207645881
0.867595313988403
0.825483327884687
0.784091544596321
0.801155143070425
0.805082765825571
1.11901537424155
1.06829856340133
0.769961659537778
0.763585541758555
0.837077323301879
0.727581278653703
1.18044132452181
0.982098557750982
0.649123865082485
1.13304932981537
0.840055568756641
0.704413720828853
1.03001372047614
1.77362411232184
0.746481182986293
1.11998758138809
0.81050884975537
1.08733924509179
0.709365574223667
0.918074898308505
0.703895985237656
0.784184375487021
0.728212872850949
0.769822634532851
0.949812967166354
0.955303783242185
0.689833039762626
1.0075483149926
0.662633831471471
1.09268320370006
1.11658456017455
0.711838540394058
0.602221776535381
1.5296124854381
0.988324749644255
1.03805810604874
0.846624792704858
0.981353329995168
0.840054788872026
1.20460805230162
0.938949279376241
0.729339320471208
0.795869288726586
0.857459700740827
1.12273538606471
0.580225123888157
0.844652338334497
0.502485478506046
1.0850494116931
1.74691829379443
0.785590164024031
2.13199299156753
0.703895985237656
