0.853358246771176
0.727785542443914
0.771387336066569
0.953806288971014
1.15344659053624
0.811291228296734
0.69598964067158
0.695504820651482
0.671533337651738
1.17343913958547
1.20964598705563
0.921596581856581
1.15731054994334
1.0594732013199
1.02756893841139
0.664960139925178
0.877651554002529
0.649416262027197
0.63488851979079
0.852969781053967
2.02721354051158
0.805505654954275
1.12819891916027
0.721439466368942
0.723088856773198
1.01811892076123
0.868096933070348
2.05568622403552
0.945772152597197
0.609900731461269
0.697618661108102
0.8208330401594
0.905212559328133
0.774866700622072
0.942190321151788
0.77063948553882
1.30975269114791
0.770674539472173
0.708711294814576
1.0081379737967
0.980317625032241
0.672830600668477
0.948800185525252
0.774820142213684
0.707178778293366
0.915947877163711
0.853358246771176
1.97979252486289
2.11209764208339
1.20964598705563
1.01070425507548
0.734104634371351
0.757995633075844
0.874142404478918
0.817658174006653
0.777473971421893
0.793760764592426
0.810545396257433
1.11715356197763
1.06987120630999
0.765716299066663
0.76099586063249
0.82599728431266
0.708933007390312
1.16439571129794
0.98027131958901
0.652562967552111
1.13734790840939
0.842307793939644
0.708901402138103
1.02711545535998
1.75410748914658
0.742433023776562
1.10527256418009
0.81026722580459
1.06906285523353
0.704126084678282
0.919735669280865
0.698060108046735
0.781791310497228
0.730054348074551
0.764967012852843
0.938295115898508
0.954842484265233
0.689222127992829
1.01881817584889
0.648955600346153
1.09742175727628
1.11826372570366
0.729435637061697
0.595362898727113
1.50484413451525
0.986280383977003
1.03429840496912
0.847416049110687
0.981265147036951
0.844028310635416
1.2029000391175
0.939667984009496
0.728916351427534
0.810558713030168
0.855548849906004
1.12764722644472
0.580253866204574
0.838314001147341
0.501939930706889
1.08502727029944
1.73243386433013
0.790736275916211
2.12765411444919
0.698060108046735
