29,37,46,63,48,29,30,26,34,43,61,46,28,28,25,33,42,59,45,27,28,25,33,41,59,45,27,28,25,33,42,59,45,27,28,25,32,41,59,44,27,27,24,32,41,58,44,27,27,25,32,41,58,44,27,28
16,17,20,27,24,13,15,15,17,19,27,24,13,15,15,16,19,27,23,13,14,15,16,19,26,23,13,14,15,16,19,27,23,13,14,15,16,19,26,23,13,14,14,16,19,26,23,13,14,14,16,19,26,23,13,14
14,21,32,43,30,15,16,15,22,33,44,30,15,16,15,22,33,44,31,15,16,16,23,34,45,31,15,16,15,22,33,44,31,15,16,16,23,34,45,31,15,17,16,23,34,45,31,15,16,16,23,34,45,31,15,16
16,18,26,37,28,17,17,16,18,25,37,28,16,17,16,17,25,36,28,16,17,16,17,25,36,28,16,17,16,17,25,36,28,16,17,16,17,24,36,28,16,16,15,17,24,36,27,16,17,15,17,24,36,28,16,17
15,15,24,40,28,16,15,15,15,24,40,28,16,15,15,15,24,40,28,16,15,15,15,24,40,28,16,15,15,15,24,40,28,16,15,15,15,24,40,28,16,15,15,15,24,40,28,16,15,15,15,24,40,28,16,15
12,15,17,27,29, 7,14,13,16,17,28,29, 7,14,13,16,18,28,30, 7,14,14,17,18,28,30, 7,14,13,16,18,28,30, 7,15,14,17,18,28,30, 7,15,14,17,18,28,30, 7,15,14,17,18,28,30, 7,14
22,21,23,32,31,15,21,20,19,21,30,30,14,20,19,18,20,29,29,14,19,18,18,20,29,29,14,19,19,18,20,29,29,14,19,18,18,20,29,28,14,18,18,18,20,28,28,14,19,18,18,20,28,28,14,19
10,14,15,25,25, 7,11,10,14,15,25,24, 7,11, 9,14,15,25,24, 7,11, 9,14,15,25,24, 7,11, 9,14,15,25,24, 7,11, 9,14,15,25,24, 7,11, 9,14,15,25,24, 7,11, 9,14,15,25,24, 7,11
 9, 9,11,14, 9, 6, 9, 9, 9,10,13, 9, 6, 8, 9, 9,10,13, 9, 6, 8, 9, 9,10,13, 9, 6, 8, 9, 9,10,13, 9, 6, 8, 9, 9,10,13, 9, 6, 8, 9, 9,10,13, 9, 6, 8, 9, 9,10,13, 9, 6, 8
17,18,22,33,29,19,19,17,18,21,32,29,19,18,17,18,21,32,28,19,18,16,18,21,32,28,19,18,17,18,21,32,28,19,18,16,17,21,32,28,19,18,16,17,21,32,28,19,18,16,17,21,32,28,19,18
18,18,23,38,30,18,17,17,17,22,37,29,17,17,17,17,22,36,28,17,17,16,17,22,36,28,17,17,17,17,22,36,29,17,16,16,16,22,36,28,17,16,16,16,22,35,28,17,16,16,16,22,36,28,17,17
10,10,13,18,16, 9,11,10,10,13,18,16, 9,12,10,10,13,18,16, 9,12,10,10,13,18,16, 9,12,10,10,13,18,16, 9,12,10,10,13,18,16, 9,12,10,10,13,18,16, 9,12,10,10,13,18,16, 9,12
16,14,19,29,25,13,14,15,13,19,28,25,12,13,15,13,18,27,24,12,13,14,13,18,27,24,12,13,14,13,18,27,24,12,13,14,13,18,27,24,12,13,14,13,18,27,24,12,13,14,13,18,27,24,12,13
13,14,18,25,22,12,16,13,14,18,25,21,11,15,13,14,18,24,21,11,15,13,14,18,24,21,11,15,13,14,18,24,21,11,15,13,14,18,24,21,11,15,13,14,18,24,21,11,15,13,14,18,24,21,11,15
13,16,23,35,23,12,15,12,16,22,34,23,12,15,12,15,22,34,23,11,14,12,15,22,34,23,11,14,12,15,22,34,23,11,14,12,15,22,34,22,11,14,12,15,22,33,22,11,14,12,15,22,33,23,11,14
14,19,34,44,27,10,17,14,18,33,43,26,10,17,13,18,33,43,26, 9,17,13,18,33,43,26, 9,17,13,18,33,43,26, 9,16,13,18,33,43,26, 9,16,13,18,33,43,26, 9,16,13,18,33,43,26, 9,17
11,12,17,25,27, 9,15,14,15,19,27,29,10,16,15,16,21,29,30,10,17,16,16,21,30,30,10,17,16,16,21,29,30,10,17,16,16,21,30,31,11,18,17,17,22,30,31,11,17,16,16,21,30,31,10,17
15,16,26,37,26,12,17,15,16,25,37,26,12,17,15,16,25,37,26,12,16,15,16,25,36,26,12,17,15,16,25,36,26,12,16,15,16,25,36,26,12,16,15,16,25,36,26,12,16,15,16,25,36,26,12,16
14,15,29,43,27,13,17,16,17,31,45,28,13,17,17,18,32,47,29,14,18,18,18,33,47,29,14,18,17,18,32,46,29,14,18,18,18,33,47,30,14,18,18,18,33,47,30,14,18,18,18,33,47,30,14,18
15,15,18,23,21,13,15,14,14,18,22,21,12,15,14,14,17,22,21,12,15,14,14,17,22,21,12,15,14,14,17,22,21,12,15,14,14,17,22,21,12,15,14,14,17,22,21,12,15,14,14,17,22,21,12,15
 4, 5, 7,12,11, 7, 7, 7, 8,10,15,13, 8, 8, 8, 9,11,16,14, 9, 9, 9, 9,11,17,14, 9, 9, 8, 9,11,16,14, 9, 9, 9, 9,12,17,15, 9,10, 9,10,12,17,15, 9,10, 9, 9,12,17,14, 9, 9
14,13,21,25,22,12,14,14,13,20,25,22,12,14,14,13,20,25,22,12,14,14,13,20,25,22,12,14,14,13,20,25,22,12,14,14,13,20,25,22,12,14,14,12,20,24,22,12,14,14,13,20,24,22,12,14
 6, 8,10,16,13, 5, 7, 6, 8,10,16,13, 5, 7, 7, 9,10,16,13, 5, 7, 7, 9,11,16,13, 5, 7, 7, 9,10,16,13, 5, 7, 7, 9,10,16,13, 5, 7, 7, 9,11,16,13, 5, 7, 7, 9,11,16,13, 5, 7
21,22,29,41,36,18,24,21,22,28,41,36,18,23,21,21,28,40,35,17,23,21,21,28,40,35,17,23,21,21,28,40,35,17,23,21,21,28,40,35,17,23,20,21,28,40,35,17,23,20,21,28,40,35,17,23
17,18,22,32,25,16,18,16,16,21,31,24,16,17,15,16,20,30,24,15,17,15,16,20,30,24,15,17,15,16,20,30,24,15,17,15,16,20,30,23,15,16,15,15,20,30,23,15,16,15,16,20,30,23,15,17
16,17,18,24,29,13,18,16,16,17,23,28,13,17,15,15,17,23,27,13,17,15,15,17,23,27,13,17,15,15,17,23,27,13,17,15,15,17,23,27,13,17,15,15,17,23,27,13,17,15,15,17,23,27,13,17
 5, 5, 6, 9, 9, 6, 5, 5, 5, 6, 9, 9, 6, 5, 5, 5, 6, 9, 9, 6, 5, 5, 5, 6, 9, 9, 6, 5, 5, 5, 6, 9, 9, 6, 5, 5, 5, 6, 9, 9, 6, 5, 5, 5, 6, 9, 9, 6, 5, 5, 5, 6, 9, 9, 6, 5
 5, 6,10,14,12, 6, 8, 7, 8,13,16,13, 7, 9, 9, 9,15,18,15, 8,10, 9, 9,15,19,15, 8, 9, 9, 9,15,18,15, 8,10, 9,10,15,19,15, 8,10,10,10,15,19,15, 8,10,10,10,15,19,15, 8,10
16,18,27,41,31,20,18,16,18,27,42,31,20,18,16,18,27,42,31,20,18,16,18,27,42,31,20,18,16,18,27,42,31,20,18,16,18,27,42,32,20,19,16,18,27,42,32,20,19,16,18,27,42,32,20,18
 9,10,18,29,21, 9,11, 9,11,18,29,21,10,11, 9,11,18,29,21,10,11,10,11,19,29,21,10,11,10,11,18,29,21,10,11,10,11,19,29,21,10,11,10,11,19,29,21,10,11,10,11,19,29,21,10,11
15,20,18,30,22, 9,15,14,19,18,29,21, 9,14,14,19,17,29,21, 9,14,14,19,17,29,21, 9,14,14,19,17,29,21, 9,14,14,18,17,29,21, 9,14,14,18,17,29,21, 9,14,14,18,17,29,21, 9,14
16,17,23,30,27,13,16,15,16,22,29,27,12,16,15,16,22,29,26,12,16,14,16,21,29,26,12,16,15,16,21,29,26,12,16,14,15,21,29,26,12,15,14,15,21,29,26,12,16,14,15,21,29,26,12,16
14,14,24,36,25,11,15,14,14,24,36,25,11,15,14,14,24,36,24,11,15,14,14,23,35,24,11,15,14,14,23,35,24,11,15,14,14,23,35,24,11,15,14,14,23,35,24,11,15,14,14,23,35,24,11,15
28,30,37,61,47,27,29,27,29,37,60,46,27,29,27,28,36,60,46,27,29,27,28,36,60,46,27,29,27,28,36,60,46,27,28,27,28,36,60,46,26,28,26,28,36,60,46,26,28,27,28,36,60,46,27,29
11,14,20,29,20, 7,13,11,15,20,29,20, 7,13,12,15,21,30,20, 7,13,12,15,21,30,20, 7,13,12,15,21,30,20, 7,13,12,15,21,30,21, 7,13,12,15,21,30,20, 7,13,12,15,21,30,20, 7,13
 8, 8,12,14,19, 6, 9, 8, 8,12,14,18, 6, 9, 8, 8,12,14,18, 5, 9, 8, 8,12,14,18, 5, 9, 8, 8,12,14,18, 5, 8, 8, 8,12,14,18, 5, 8, 7, 8,12,14,18, 5, 8, 8, 8,12,14,18, 5, 9
16,16,18,23, 7, 3,15,16,16,18,23, 7, 3,15,16,16,18,23, 7, 3,15,16,16,18,23, 7, 3,15,16,16,18,23, 7, 3,15,16,16,18,23, 7, 3,15,16,16,18,23, 7, 3,15,16,16,18,23, 7, 3,15
24,27,34,46,34,19,25,22,25,33,44,33,18,24,22,24,32,43,33,18,24,21,24,31,43,33,18,24,21,24,32,43,33,18,24,21,24,31,43,32,18,23,21,24,31,43,32,18,24,21,24,31,43,32,18,24
16,17,21,28,26,14,16,15,16,20,28,26,14,16,15,15,20,27,25,13,16,15,15,20,27,25,14,16,15,15,20,27,25,13,16,15,15,20,27,25,13,15,15,15,20,27,25,13,16,15,15,20,27,25,13,16
15,15,18,25,23,14,15,14,14,18,24,23,14,15,14,14,17,24,23,13,15,14,14,17,24,23,13,15,14,14,17,24,23,13,15,14,14,17,24,23,13,15,13,14,17,24,23,13,15,14,14,17,24,23,13,15
13,16,24,34,25,12,14,13,16,23,33,25,11,14,13,15,23,33,24,11,14,13,15,23,33,24,11,14,13,15,23,33,24,11,14,13,15,23,33,24,11,14,13,15,23,33,24,11,14,13,15,23,33,24,11,14
14,15,23,35,28,14,15,13,14,23,34,27,13,14,13,14,22,33,27,13,14,13,14,22,33,27,13,14,13,14,22,33,27,13,14,13,14,22,33,27,13,14,13,14,22,33,27,13,14,13,14,22,33,27,13,14
19,19,22,30,26,13,18,19,19,21,30,25,13,18,18,18,21,29,25,13,18,18,18,21,29,25,13,18,18,18,21,29,25,13,18,18,18,21,29,25,12,18,18,18,21,29,25,12,18,18,18,21,29,25,13,18
15,16,23,29,24,13,15,14,16,23,28,24,13,15,14,15,22,28,24,13,15,14,15,22,28,24,13,15,14,15,22,28,24,13,15,14,15,22,27,23,13,15,14,15,22,27,23,13,15,14,15,22,27,23,13,15
11,12,15,22,23,12,13,13,13,16,23,24,12,13,13,13,17,24,24,13,13,13,14,17,24,24,12,13,13,13,17,23,24,13,13,13,14,17,24,25,13,14,14,14,17,24,25,13,13,13,14,17,24,24,13,13
13,12,22,23,21,11,15,13,11,21,23,21,11,14,13,11,21,23,21,11,14,12,11,21,22,21,11,14,12,11,21,22,21,11,14,12,11,21,22,20,10,14,12,11,21,22,20,11,14,12,11,21,22,20,11,14
29,37,46,63,48,29,30,26,34,43,61,46,28,28,25,33,42,59,45,27,28,25,33,41,59,45,27,28,25,33,42,59,45,27,28,25,32,41,59,44,27,27,24,32,41,58,44,27,27,25,32,41,58,44,27,28
 8, 8,12,22,20, 8,10,11,11,15,25,23,10,12,13,12,17,28,25,11,13,14,13,17,29,25,11,13,14,12,17,28,25,11,13,14,13,18,29,27,11,14,15,13,18,29,26,11,14,15,13,18,29,26,11,13
 3, 3, 6,10, 9, 4, 5, 4, 5, 8,12,10, 5, 6, 5, 6, 9,14,12, 6, 7, 6, 6, 9,14,12, 6, 7, 5, 6, 9,14,12, 6, 7, 6, 6, 9,14,12, 6, 8, 6, 6,10,14,12, 6, 7, 6, 6, 9,15,12, 6, 7
18,18,23,38,30,18,17,17,17,22,37,29,17,17,17,17,22,36,28,17,17,16,17,22,36,28,17,17,17,17,22,36,29,17,16,16,16,22,36,28,17,16,16,16,22,35,28,17,16,16,16,22,36,28,17,17
11,12,18,23,22,12,12,11,12,17,23,21,11,11,10,11,17,22,21,11,11,10,11,17,22,21,11,11,10,11,17,22,21,11,11,10,11,17,22,20,11,11,10,11,17,22,20,11,11,10,11,17,22,20,11,11
17,18,35,52,39,15,17,18,18,36,52,40,15,17,18,18,36,53,40,15,17,18,18,36,53,40,15,17,18,18,36,53,40,15,17,18,18,36,53,40,15,17,18,18,36,53,40,15,17,18,18,36,53,40,15,17
 8,11,11,15,14, 7, 9, 8,10,10,15,14, 7, 9, 8,10,10,15,13, 7, 9, 8,10,10,15,13, 7, 9, 8,10,10,15,13, 7, 9, 8,10,10,15,13, 7, 9, 8,10,10,15,13, 7, 9, 8,10,10,15,13, 7, 9
18,19,20,27,23,14,15,16,17,19,26,22,13,14,16,17,19,26,22,13,14,16,17,18,26,22,13,14,16,17,19,26,22,13,14,16,16,18,26,21,13,14,15,16,18,26,21,13,14,16,16,18,26,21,13,14
 8, 9,11,15,14, 9, 8, 8, 9,11,15,14, 8, 8, 8, 8,10,15,14, 8, 8, 8, 8,10,15,14, 8, 8, 8, 8,10,15,14, 8, 8, 8, 8,10,15,14, 8, 8, 8, 8,10,15,14, 8, 8, 8, 8,10,15,14, 8, 8
 8, 9, 9,14,16, 5, 9, 8, 8, 9,14,15, 5, 8, 8, 8, 9,14,15, 5, 8, 8, 8, 9,14,15, 5, 8, 8, 8, 9,14,15, 5, 8, 8, 8, 9,14,15, 5, 8, 8, 8, 9,14,15, 5, 8, 8, 8, 9,14,15, 5, 8
17,17,19,25,23,10,16,16,17,18,24,23,10,15,16,17,18,24,23,10,15,16,17,18,24,23,10,15,16,17,18,24,23,10,15,16,16,18,24,23,10,15,16,16,18,24,23,10,15,16,16,18,24,23,10,15
13,14,21,26,33,13,15,12,13,20,26,32,13,15,12,13,20,25,31,13,15,11,13,20,25,31,13,15,12,13,20,25,31,13,14,11,13,20,25,31,12,14,11,13,20,25,31,12,14,11,13,20,25,31,13,15
10,10,12,16,20, 9, 9, 9, 9,12,16,19, 9, 9, 9, 9,11,16,19, 9, 8, 9, 9,11,15,19, 9, 8, 9, 9,11,16,19, 9, 8, 9, 9,11,15,19, 8, 8, 8, 9,11,15,19, 8, 8, 9, 9,11,15,19, 9, 8
11,12,14,21,23,14,15,13,13,15,22,24,15,16,14,14,16,23,25,15,16,15,14,16,23,25,15,16,15,14,16,23,25,15,17,15,14,16,23,25,16,17,15,15,16,23,25,16,17,15,14,16,23,25,15,16
12,12,16,22,25,10,13,12,13,16,22,25,11,13,12,13,16,22,25,11,13,12,13,16,22,25,11,13,12,13,16,22,25,11,14,12,13,16,22,25,11,14,12,13,16,22,25,11,14,12,13,16,22,25,11,13
16,17,26,34,27,14,17,15,17,25,34,27,13,17,15,17,25,33,26,13,16,15,17,25,33,26,13,16,15,17,25,33,26,13,16,15,16,24,33,26,13,16,15,16,24,33,26,13,16,15,16,24,33,26,13,16
10,11,12,22,19, 8,11,11,11,12,22,19, 8,11,11,11,12,22,19, 8,11,11,11,12,22,19, 8,11,11,11,12,22,19, 8,11,11,11,12,22,19, 8,11,11,11,12,22,19, 8,11,11,11,12,22,19, 8,11
 8, 9,11,17, 7, 4, 9, 9,10,12,17, 8, 4,10, 9,11,12,18, 8, 4,10,10,11,12,18, 8, 4,10,10,11,12,18, 8, 4,10,10,11,12,18, 8, 4,10,10,11,12,18, 8, 4,10,10,11,12,18, 8, 4,10
 9,12,16,29,27,14,13,13,16,20,33,30,16,15,14,18,22,36,32,17,16,15,18,22,37,32,17,16,15,18,22,36,32,17,16,16,19,23,37,33,18,17,16,19,23,37,33,17,16,16,19,23,37,33,17,16
21,21,28,44,36,19,19,20,21,27,44,36,19,19,20,20,27,43,35,19,19,20,20,27,43,35,19,19,20,20,27,43,35,19,19,20,20,27,43,35,19,18,20,20,27,43,35,19,18,20,20,27,43,35,19,19
30,28,29,38,33,21,29,28,26,28,36,32,20,27,27,25,27,35,31,19,27,26,24,27,35,31,19,27,26,25,27,35,31,19,27,26,24,27,35,31,19,26,26,24,27,35,31,19,27,26,24,27,35,31,19,27
34,37,41,57,46,33,43,42,43,46,61,48,35,46,45,46,48,64,51,37,48,47,47,49,64,51,36,48,46,46,48,63,50,37,49,47,47,49,65,52,38,50,48,47,50,65,52,37,49,47,47,49,65,51,37,48
13,14,15,21,26, 8,13,13,14,15,21,26, 8,13,13,13,15,21,26, 8,13,13,13,15,21,26, 8,13,13,13,15,21,26, 8,13,13,13,15,21,26, 8,13,13,13,15,21,26, 8,13,13,13,15,21,26, 8,13
15,15,19,25,25,14,15,14,14,19,25,24,13,14,14,14,18,24,24,13,14,14,14,18,24,24,13,14,14,14,18,24,24,13,14,14,14,18,24,24,13,14,14,14,18,24,24,13,14,14,14,18,24,24,13,14
10,11,13,18,14,10,12,11,12,14,19,14,11,12,11,12,15,19,15,11,12,12,12,15,19,15,11,12,11,12,14,19,15,11,13,12,13,15,19,15,11,13,12,13,15,19,15,11,13,12,13,15,19,15,11,12
 4, 6, 8,11,10, 6, 6, 6, 8,10,14,11, 7, 7, 7, 9,11,15,12, 8, 7, 7,10,12,15,12, 7, 7, 7, 9,11,15,12, 7, 8, 8,10,12,16,13, 8, 8, 8,10,12,16,13, 8, 8, 8,10,12,16,13, 7, 7
 7, 8,11,20,22, 7,11,10,10,13,22,25, 8,13,11,11,14,24,26, 8,14,11,11,14,24,26, 8,13,11,11,14,24,26, 8,14,12,12,15,24,27, 9,14,12,12,15,24,27, 9,14,12,12,15,24,27, 8,13
 9, 9,11,18,16, 8, 9, 9,10,12,18,16, 8,10, 9,10,12,18,16, 8,10, 9,10,12,18,16, 8,10, 9,10,12,18,16, 8,10, 9,10,12,18,16, 8,10, 9,10,12,18,16, 8,10, 9,10,12,18,16, 8,10
14,12,14,23,24, 9,13,14,12,14,23,24, 9,13,14,12,14,23,24, 9,13,15,12,14,23,24, 9,13,15,12,14,23,24, 9,13,15,12,14,23,24, 9,13,15,12,14,23,24, 9,13,15,12,14,23,24, 9,13
13,12,14,20,18, 9,13,12,12,14,20,18, 9,13,12,12,14,20,18, 9,13,12,12,13,19,18, 9,13,12,12,13,19,18, 9,12,12,12,13,19,17, 9,12,12,12,13,19,17, 9,12,12,12,13,19,17, 9,13
14,15,16,21,20,12,16,14,15,16,21,20,12,16,14,15,16,21,20,12,16,14,15,16,21,20,12,16,14,15,16,21,20,12,16,14,15,16,21,20,12,16,14,15,16,21,20,12,16,14,15,16,21,20,12,16
15,16,18,27,24,16,17,16,17,19,28,25,16,18,16,17,19,28,25,16,18,17,17,20,28,25,16,18,17,17,19,28,25,16,18,17,17,20,28,26,16,18,17,17,20,28,26,16,18,17,17,20,28,25,16,18
10,11,16,25,19,10,12,11,11,17,26,20,10,12,11,12,18,27,20,10,12,11,12,18,27,20,10,12,11,12,18,27,20,10,12,12,12,18,27,20,11,12,12,12,18,27,20,10,12,12,12,18,27,20,10,12
14,15,20,29,26,16,16,16,16,21,29,27,16,16,16,16,21,30,28,16,17,16,16,21,30,28,16,16,16,16,21,30,27,16,17,16,16,21,30,28,17,17,16,16,21,30,28,17,17,16,16,21,30,28,16,17
 6, 6, 9,12,13, 6, 7, 7, 6, 9,12,13, 6, 7, 7, 7,10,12,13, 6, 7, 7, 7,10,12,13, 6, 7, 7, 7,10,12,13, 6, 7, 7, 7,10,12,13, 6, 7, 7, 7,10,12,13, 6, 7, 7, 7,10,12,13, 6, 7
10,10,14,20,16, 8,10,10,10,14,20,16, 8,10,10,11,15,21,16, 8,10,10,11,15,21,16, 8,10,10,11,15,21,16, 8,10,10,11,15,21,16, 8,10,10,11,15,21,16, 8,10,10,11,15,21,16, 8,10
17,19,30,49,36,19,21,19,20,31,51,37,20,22,19,21,32,51,38,20,22,19,21,32,52,38,20,22,19,21,32,51,37,20,22,19,21,32,52,38,20,22,19,21,32,52,38,20,22,19,21,32,52,38,20,22
16,16,17,24,23,15,16,15,16,17,23,22,15,16,15,15,16,23,22,15,15,15,15,16,23,22,15,16,15,15,16,23,22,15,15,15,15,16,23,22,15,15,15,15,16,23,22,15,15,15,15,16,23,22,15,15
11,10,12,21,20, 5,10,10,10,12,20,20, 5,10,10,10,12,20,20, 5,10,10,10,12,20,20, 5,10,10,10,12,20,20, 5,10,10,10,11,20,19, 5,10,10,10,11,20,19, 5,10,10,10,11,20,19, 5,10
12,11,13,16,22, 8,11,11,10,13,16,22, 7,11,11,10,12,16,21, 7,11,11,10,12,15,21, 7,11,11,10,12,15,21, 7,11,11,10,12,15,21, 7,10,11,10,12,15,21, 7,11,11,10,12,15,21, 7,11
18,21,30,45,26,14,17,16,19,28,43,25,13,16,15,18,27,41,25,13,16,15,18,27,41,25,13,16,15,18,27,41,25,13,16,15,18,26,41,24,13,16,15,17,26,41,24,13,16,15,18,26,41,24,13,16
12,12,16,17, 9, 7,14,15,14,17,19, 9, 8,15,16,15,18,19,10, 8,16,17,15,19,20,10, 8,16,16,15,18,19,10, 8,16,17,15,19,20,10, 8,17,17,15,19,20,10, 8,16,17,15,19,20,10, 8,16
11,11,13,15,10, 7,11,11,10,12,15,10, 7,10,10,10,12,15,10, 7,10,10,10,12,15,10, 7,10,10,10,12,15,10, 7,10,10,10,12,15,10, 7,10,10,10,12,15,10, 7,10,10,10,12,15,10, 7,10
12,13,19,31,24,12,12,14,16,21,33,25,13,13,15,17,22,35,26,14,14,16,17,22,35,26,14,14,16,17,22,34,26,14,14,16,17,22,35,27,14,14,16,17,22,35,27,14,14,16,17,22,35,27,14,14
 9, 9,11,16,18, 7,10,11,11,12,17,19, 7,11,11,11,13,18,20, 8,11,11,11,13,18,20, 8,11,11,11,13,18,19, 8,11,12,12,13,18,20, 8,11,12,12,13,18,20, 8,11,12,12,13,18,20, 8,11
 8,11,11,18,18, 8,10, 9,11,11,18,18, 8,10, 9,11,11,18,18, 8,10, 9,11,11,18,18, 8,10, 9,11,11,18,18, 8,10, 9,11,11,18,18, 8,10, 9,11,11,18,18, 8,10, 9,11,11,18,18, 8,10
23,22,25,32,32,24,24,23,23,26,33,33,24,24,24,23,26,33,33,24,24,24,23,26,33,33,24,24,24,23,26,33,33,24,24,24,23,26,33,33,25,24,24,23,26,33,33,25,24,24,23,26,33,33,24,24
17,18,19,25,23,13,17,17,18,19,25,22,13,17,17,17,19,24,22,13,17,17,17,19,24,22,13,17,17,17,19,24,22,13,17,17,17,19,24,22,13,17,17,17,19,24,22,13,17,17,17,19,24,22,13,17
18,17,18,26,26,13,18,17,16,18,25,25,13,17,17,16,17,25,25,13,17,16,15,17,25,25,13,17,16,16,17,25,25,13,17,16,15,17,25,25,12,17,16,15,17,25,25,12,17,16,15,17,25,25,13,17
19,17,22,31,29,13,17,19,17,21,30,29,13,17,19,16,21,30,29,13,17,19,16,21,30,29,13,17,19,16,21,30,29,13,17,18,16,21,30,29,13,17,18,16,21,30,29,13,17,18,16,21,30,29,13,17
12,11,13,16,13, 6,12,10,10,12,15,13, 6,12,10, 9,12,15,13, 6,11,10, 9,12,14,13, 6,11,10, 9,12,15,13, 6,11,10, 9,12,14,12, 5,11,10, 9,11,14,12, 5,11,10, 9,12,14,12, 6,11
14,17,16,24,28,12,15,14,17,16,24,28,12,15,14,17,16,24,28,12,15,14,17,16,24,28,12,15,14,17,16,24,28,12,15,14,17,16,24,28,12,15,14,17,16,24,28,12,15,14,17,16,24,28,12,15
15,15,18,24,23,15,14,14,14,17,23,22,14,14,13,14,17,23,22,14,13,13,13,17,23,22,14,14,13,14,17,23,22,14,13,13,13,17,23,22,14,13,13,13,17,23,22,14,13,13,13,17,23,22,14,13
12,12,15,21,18,11,12,11,12,15,20,18,10,12,11,11,15,20,18,10,11,11,11,14,20,18,10,12,11,11,15,20,18,10,11,11,11,14,20,18,10,11,11,11,14,20,18,10,11,11,11,14,20,18,10,11
22,23,25,33,19,16,24,23,23,25,33,19,16,24,23,23,25,33,19,16,24,23,23,25,33,19,16,24,23,23,25,33,19,16,24,23,23,25,33,19,16,24,23,23,25,33,19,16,24,23,23,25,33,19,16,24
13,15,19,28,27, 8,14,13,15,20,28,27, 8,14,13,15,20,28,27, 8,14,13,15,20,28,27, 8,14,13,15,20,28,27, 8,14,14,15,20,28,27, 8,14,14,15,20,28,27, 8,14,14,15,20,28,27, 8,14
 7, 6, 7, 9, 8, 6, 7, 6, 6, 6, 9, 8, 6, 7, 6, 5, 6, 9, 7, 6, 7, 6, 5, 6, 9, 7, 6, 7, 6, 5, 6, 9, 7, 6, 7, 5, 5, 6, 9, 7, 6, 7, 5, 5, 6, 8, 7, 6, 7, 5, 5, 6, 8, 7, 6, 7
22,19,33,45,39,13,20,21,18,31,43,38,12,20,20,17,30,42,37,12,19,20,17,30,42,37,12,19,20,17,30,42,37,12,19,20,17,30,42,37,12,19,20,17,30,42,37,12,19,20,17,30,42,37,12,19
 8,10,12,21,20,11,11,10,12,14,22,22,12,12,11,12,15,24,23,13,12,12,13,15,24,23,13,12,11,13,15,24,23,13,12,12,13,15,24,24,13,13,12,13,15,24,24,13,13,12,13,15,24,23,13,12
15,16,20,27,29, 9,16,16,17,20,28,29, 9,16,16,17,20,28,29, 9,16,16,17,20,28,29, 9,16,16,17,20,28,29, 9,16,16,17,20,28,30, 9,16,16,17,20,28,29, 9,16,16,17,20,28,29, 9,16
13,13,16,22,22, 7,14,13,13,16,22,22, 6,14,13,13,15,22,22, 6,14,13,13,15,22,22, 6,14,13,13,15,22,22, 6,14,13,13,15,22,22, 6,14,13,13,15,22,22, 6,14,13,13,15,22,22, 6,14
 4, 5, 7,12, 9, 4, 7, 6, 7, 9,14,10, 5, 8, 7, 8,10,15,11, 6, 9, 8, 9,10,16,11, 6, 9, 8, 8,10,15,11, 6, 9, 8, 9,10,16,12, 6,10, 9, 9,10,16,12, 6, 9, 8, 9,10,16,12, 6, 9
18,21,31,47,37,17,22,17,20,29,46,36,17,21,17,19,29,45,35,17,21,17,19,29,45,35,17,21,17,19,29,45,35,17,21,16,19,29,45,35,16,21,16,19,29,45,35,17,21,16,19,29,45,35,17,21
18,17,18,23,24,17,19,16,15,17,22,23,16,18,15,15,16,21,22,16,18,15,15,16,21,22,16,18,15,15,16,21,22,16,18,15,14,16,21,22,16,17,15,14,16,21,22,16,18,15,14,16,21,22,16,18
10,11,16,25,19,10,12,11,11,17,26,20,10,12,11,12,18,27,20,10,12,11,12,18,27,20,10,12,11,12,18,27,20,10,12,12,12,18,27,20,11,12,12,12,18,27,20,10,12,12,12,18,27,20,10,12
